# NGC_3628_CO.image, box=105,105,290,200, chans=, stokes=
# beam size: 1.37415025358 arcsec2, 34.3537563395 pixels
# Total flux: 1361.18292801 Jy.km/s
# Channel number_of_unmasked_pixels frequency_(MHz) Velocity_(km/s) Flux_density_(Jy)
        0                      9229   231278.954290    -1804.516775      3.327892e-03
        1                      9229   231271.285952    -1794.576980      5.882908e-03
        2                      9229   231263.617613    -1784.636852      7.726538e-04
        3                      9229   231255.949275    -1774.696391     -7.455395e-04
        4                      9229   231248.280937    -1764.755595      1.206274e-03
        5                      9229   231240.612598    -1754.814467     -3.449550e-04
        6                      9229   231232.944260    -1744.873005      1.365478e-04
        7                      9229   231225.275922    -1734.931209      1.550792e-03
        8                      9229   231217.607583    -1724.989080      7.416648e-03
        9                      9229   231209.939245    -1715.046617      4.554808e-03
       10                      9229   231202.270907    -1705.103821      6.239389e-03
       11                      9229   231194.602568    -1695.160691      2.778203e-04
       12                      9229   231186.934230    -1685.217228     -4.706990e-03
       13                      9229   231179.265892    -1675.273431      3.621747e-03
       14                      9229   231171.597553    -1665.329300      2.356127e-04
       15                      9229   231163.929215    -1655.384837     -1.564883e-03
       16                      9229   231156.260877    -1645.440039      3.194751e-03
       17                      9229   231148.592538    -1635.494908      1.050407e-03
       18                      9229   231140.924200    -1625.549444     -4.672756e-04
       19                      9229   231133.255862    -1615.603645      2.608901e-03
       20                      9229   231125.587523    -1605.657514     -4.951421e-03
       21                      9229   231117.919185    -1595.711049      2.356131e-03
       22                      9229   231110.250846    -1585.764250      4.721009e-03
       23                      9229   231102.582508    -1575.817118     -3.236513e-03
       24                      9229   231094.914170    -1565.869652      6.984843e-03
       25                      9229   231087.245831    -1555.921853      5.749663e-03
       26                      9229   231079.577493    -1545.973720     -2.103496e-03
       27                      9229   231071.909155    -1536.025254      5.815914e-03
       28                      9229   231064.240816    -1526.076454     -1.533109e-03
       29                      9229   231056.572478    -1516.127320     -2.874388e-04
       30                      9229   231048.904140    -1506.177853     -5.930246e-04
       31                      9229   231041.235801    -1496.228053     -2.624374e-03
       32                      9229   231033.567463    -1486.277919      2.152846e-03
       33                      9229   231025.899125    -1476.327451     -1.328544e-03
       34                      9229   231018.230786    -1466.376650     -9.439422e-04
       35                      9229   231010.562448    -1456.425515     -2.958761e-05
       36                      9229   231002.894110    -1446.474047     -6.716812e-04
       37                      9229   230995.225771    -1436.522245     -3.536773e-03
       38                      9229   230987.557433    -1426.570110      3.955886e-04
       39                      9229   230979.889095    -1416.617641      7.620974e-04
       40                      9229   230972.220756    -1406.664839      4.339079e-03
       41                      9229   230964.552418    -1396.711703      5.646804e-03
       42                      9229   230956.884080    -1386.758234     -1.284351e-03
       43                      9229   230949.215741    -1376.804431      5.051738e-04
       44                      9229   230941.547403    -1366.850294     -5.058365e-03
       45                      9229   230933.879065    -1356.895824      6.259384e-04
       46                      9229   230926.210726    -1346.941020      6.648536e-04
       47                      9229   230918.542388    -1336.985883      3.208413e-03
       48                      9229   230910.874050    -1327.030412      7.627621e-03
       49                      9229   230903.205711    -1317.074608     -6.293996e-04
       50                      9229   230895.537373    -1307.118470     -2.977349e-03
       51                      9229   230887.869035    -1297.161999     -5.106895e-04
       52                      9229   230880.200696    -1287.205194      1.418805e-03
       53                      9229   230872.532358    -1277.248056     -2.583358e-03
       54                      9229   230864.864020    -1267.290584      2.019425e-04
       55                      9229   230857.195681    -1257.332778      4.506533e-03
       56                      9229   230849.527343    -1247.374639     -2.386744e-03
       57                      9229   230841.859005    -1237.416166      4.948722e-05
       58                      9229   230834.190666    -1227.457360     -2.137418e-03
       59                      9229   230826.522328    -1217.498220     -9.311555e-04
       60                      9229   230818.853990    -1207.538747      1.479312e-03
       61                      9229   230811.185651    -1197.578940     -1.258060e-03
       62                      9229   230803.517313    -1187.618800      1.828837e-03
       63                      9229   230795.848975    -1177.658326      2.275807e-03
       64                      9229   230788.180636    -1167.697519     -3.820281e-04
       65                      9229   230780.512298    -1157.736378     -2.328451e-03
       66                      9229   230772.843959    -1147.774903      1.597325e-03
       67                      9229   230765.175621    -1137.813095     -9.658366e-04
       68                      9229   230757.507283    -1127.850953      5.190965e-03
       69                      9229   230749.838944    -1117.888478      2.034428e-03
       70                      9229   230742.170606    -1107.925669      3.380826e-04
       71                      9229   230734.502268    -1097.962527      9.654336e-05
       72                      9229   230726.833929    -1087.999051     -3.818621e-03
       73                      9229   230719.165591    -1078.035242     -2.254050e-03
       74                      9229   230711.497253    -1068.071099     -3.879568e-03
       75                      9229   230703.828914    -1058.106622     -2.698897e-03
       76                      9229   230696.160576    -1048.141812     -1.773528e-03
       77                      9229   230688.492238    -1038.176668      3.606019e-03
       78                      9229   230680.823899    -1028.211191     -2.338684e-03
       79                      9229   230673.155561    -1018.245381      3.048368e-04
       80                      9229   230665.487223    -1008.279236      3.092538e-03
       81                      9229   230657.818884     -998.312758      1.067651e-03
       82                      9229   230650.150546     -988.345947      1.716723e-03
       83                      9229   230642.482208     -978.378802      4.517219e-03
       84                      9229   230634.813869     -968.411324     -1.346548e-04
       85                      9229   230627.145531     -958.443512      3.129901e-03
       86                      9229   230619.477193     -948.475366      2.311568e-03
       87                      9229   230611.808854     -938.506887      1.515167e-03
       88                      9229   230604.140516     -928.538074     -2.986098e-04
       89                      9229   230596.472178     -918.568928      5.802327e-03
       90                      9229   230588.803839     -908.599448      2.480136e-03
       91                      9229   230581.135501     -898.629635     -3.485109e-03
       92                      9229   230573.467163     -888.659488      2.206648e-03
       93                      9229   230565.798824     -878.689007     -2.080974e-03
       94                      9229   230558.130486     -868.718193     -4.773165e-03
       95                      9229   230550.462148     -858.747046      4.335047e-04
       96                      9229   230542.793809     -848.775564     -2.025595e-03
       97                      9229   230535.125471     -838.803750      2.379169e-03
       98                      9229   230527.457133     -828.831601      5.469809e-03
       99                      9229   230519.788794     -818.859120      1.008733e-03
      100                      9229   230512.120456     -808.886304      3.903426e-03
      101                      9229   230504.452118     -798.913155      3.797719e-03
      102                      9229   230496.783779     -788.939673      4.642806e-04
      103                      9229   230489.115441     -778.965857     -1.161541e-03
      104                      9229   230481.447103     -768.991707     -1.447903e-03
      105                      9229   230473.778764     -759.017224      2.212964e-03
      106                      9229   230466.110426     -749.042407      8.366886e-03
      107                      9229   230458.442088     -739.067257      1.322454e-03
      108                      9229   230450.773749     -729.091773     -4.252469e-03
      109                      9229   230443.105411     -719.115956      4.060587e-03
      110                      9229   230435.437072     -709.139805      3.910887e-03
      111                      9229   230427.768734     -699.163320      6.220073e-03
      112                      9229   230420.100396     -689.186502     -4.784352e-03
      113                      9229   230412.432057     -679.209351      2.745464e-03
      114                      9229   230404.763719     -669.231865      4.433610e-03
      115                      9229   230397.095381     -659.254047      1.856585e-03
      116                      9229   230389.427042     -649.275894      4.063773e-04
      117                      9229   230381.758704     -639.297409      6.079264e-03
      118                      9229   230374.090366     -629.318589     -2.401127e-03
      119                      9229   230366.422027     -619.339436     -3.289438e-04
      120                      9229   230358.753689     -609.359950      1.599648e-04
      121                      9229   230351.085351     -599.380129      7.020350e-04
      122                      9229   230343.417012     -589.399976     -4.053799e-03
      123                      9229   230335.748674     -579.419489     -4.557304e-03
      124                      9229   230328.080336     -569.438668     -5.305305e-03
      125                      9229   230320.411997     -559.457513      4.851502e-03
      126                      9229   230312.743659     -549.476026      1.626298e-03
      127                      9229   230305.075321     -539.494204      3.666108e-03
      128                      9229   230297.406982     -529.512049      3.903214e-04
      129                      9229   230289.738644     -519.529560      1.049470e-03
      130                      9229   230282.070306     -509.546738      5.248407e-03
      131                      9229   230274.401967     -499.563583      2.759717e-04
      132                      9229   230266.733629     -489.580093     -3.506114e-03
      133                      9229   230259.065291     -479.596270      2.230042e-03
      134                      9229   230251.396952     -469.612114      8.066499e-04
      135                      9229   230243.728614     -459.627624     -1.442135e-03
      136                      9229   230236.060276     -449.642801      4.455395e-03
      137                      9229   230228.391937     -439.657644     -4.168069e-03
      138                      9229   230220.723599     -429.672153     -7.826785e-04
      139                      9229   230213.055261     -419.686329     -5.244351e-04
      140                      9229   230205.386922     -409.700171      3.070926e-03
      141                      9229   230197.718584     -399.713680      2.856752e-03
      142                      9229   230190.050246     -389.726855      2.519251e-03
      143                      9229   230182.381907     -379.739696     -3.224677e-03
      144                      9229   230174.713569     -369.752204      2.911421e-03
      145                      9229   230167.045231     -359.764379      4.874134e-03
      146                      9229   230159.376892     -349.776220      4.045420e-03
      147                      9229   230151.708554     -339.787727     -3.529675e-03
      148                      9229   230144.040216     -329.798901      5.947904e-04
      149                      9229   230136.371877     -319.809741      8.109871e-03
      150                      9229   230128.703539     -309.820247     -2.809649e-03
      151                      9229   230121.035201     -299.830420      2.341068e-03
      152                      9229   230113.366862     -289.840260      2.052137e-03
      153                      9229   230105.698524     -279.849766      1.080272e-03
      154                      9229   230098.030185     -269.858938     -1.846806e-03
      155                      9229   230090.361847     -259.867777      9.809181e-03
      156                      9229   230082.693509     -249.876282      6.087805e-03
      157                      9229   230075.025170     -239.884454      7.420232e-04
      158                      9229   230067.356832     -229.892292      6.197930e-03
      159                      9229   230059.688494     -219.899796      4.145373e-03
      160                      9229   230052.020155     -209.906967      3.833725e-03
      161                      9229   230044.351817     -199.913805      1.347850e-02
      162                      9229   230036.683479     -189.920309      9.783664e-02
      163                      9229   230029.015140     -179.926479      2.644205e-01
      164                      9229   230021.346802     -169.932316      6.504946e-01
      165                      9229   230013.678464     -159.937819      1.235512e+00
      166                      9229   230006.010125     -149.942988      1.877477e+00
      167                      9229   229998.341787     -139.947824      2.291139e+00
      168                      9229   229990.673449     -129.952327      2.544874e+00
      169                      9229   229983.005110     -119.956496      2.746891e+00
      170                      9229   229975.336772     -109.960331      2.911413e+00
      171                      9229   229967.668434      -99.963833      3.287501e+00
      172                      9229   229960.000095      -89.967001      3.803360e+00
      173                      9229   229952.331757      -79.969836      4.311110e+00
      174                      9229   229944.663419      -69.972337      4.780323e+00
      175                      9229   229936.995080      -59.974504      5.129156e+00
      176                      9229   229929.326742      -49.976338      5.644783e+00
      177                      9229   229921.658404      -39.977839      5.525191e+00
      178                      9229   229913.990065      -29.979006      4.996078e+00
      179                      9229   229906.321727      -19.979839      5.066157e+00
      180                      9229   229898.653389       -9.980338      5.025406e+00
      181                      9229   229890.985050        0.019495      5.157997e+00
      182                      9229   229883.316712       10.019663      5.516531e+00
      183                      9229   229875.648374       20.020164      5.612563e+00
      184                      9229   229867.980035       30.020998      5.328474e+00
      185                      9229   229860.311697       40.022166      5.248454e+00
      186                      9229   229852.643359       50.023668      5.103356e+00
      187                      9229   229844.975020       60.025503      5.059510e+00
      188                      9229   229837.306682       70.027672      4.744624e+00
      189                      9229   229829.638344       80.030175      4.402519e+00
      190                      9229   229821.970005       90.033011      4.160496e+00
      191                      9229   229814.301667      100.036180      4.187657e+00
      192                      9229   229806.633329      110.039683      4.184189e+00
      193                      9229   229798.964990      120.043520      3.802929e+00
      194                      9229   229791.296652      130.047690      3.241049e+00
      195                      9229   229783.628314      140.052194      2.780144e+00
      196                      9229   229775.959975      150.057031      2.207495e+00
      197                      9229   229768.291637      160.062202      1.532210e+00
      198                      9229   229760.623298      170.067706      1.004363e+00
      199                      9229   229752.954960      180.073544      4.168051e-01
      200                      9229   229745.286622      190.079716      6.304877e-02
      201                      9229   229737.618283      200.086221      9.003983e-03
      202                      9229   229729.949945      210.093060      4.492688e-03
      203                      9229   229722.281607      220.100232      2.158650e-03
      204                      9229   229714.613268      230.107738      3.637428e-03
      205                      9229   229706.944930      240.115577     -1.398637e-03
      206                      9229   229699.276592      250.123750     -2.000256e-03
      207                      9229   229691.608253      260.132257      6.004830e-04
      208                      9229   229683.939915      270.141097      1.302996e-02
      209                      9229   229676.271577      280.150271      1.747561e-03
      210                      9229   229668.603238      290.159778      3.452115e-03
      211                      9229   229660.934900      300.169619     -1.359449e-03
      212                      9229   229653.266562      310.179793     -8.292313e-05
      213                      9229   229645.598223      320.190301     -3.362138e-03
      214                      9229   229637.929885      330.201142     -3.611857e-03
      215                      9229   229630.261547      340.212317     -7.559321e-04
      216                      9229   229622.593208      350.223826     -3.686483e-03
      217                      9229   229614.924870      360.235668     -1.639411e-03
      218                      9229   229607.256532      370.247844     -5.287334e-03
      219                      9229   229599.588193      380.260353      2.194181e-03
      220                      9229   229591.919855      390.273196      7.514819e-03
      221                      9229   229584.251517      400.286372     -5.459052e-03
      222                      9229   229576.583178      410.299882      2.819792e-03
      223                      9229   229568.914840      420.313726     -2.329958e-03
      224                      9229   229561.246502      430.327903     -7.965336e-03
      225                      9229   229553.578163      440.342414     -9.282601e-03
      226                      9229   229545.909825      450.357258     -1.224994e-03
      227                      9229   229538.241487      460.372436      2.212093e-03
      228                      9229   229530.573148      470.387947      4.548491e-03
      229                      9229   229522.904810      480.403792      2.558318e-03
      230                      9229   229515.236472      490.419970     -5.395000e-03
      231                      9229   229507.568133      500.436482     -1.957048e-03
      232                      9229   229499.899795      510.453328      4.936663e-03
      233                      9229   229492.231457      520.470507     -1.326752e-03
      234                      9229   229484.563118      530.488020     -4.434778e-03
      235                      9229   229476.894780      540.505866     -5.770154e-03
      236                      9229   229469.226442      550.524046     -3.676699e-03
      237                      9229   229461.558103      560.542559     -7.354950e-03
      238                      9229   229453.889765      570.561406     -4.078595e-03
      239                      9229   229446.221427      580.580587      5.482250e-03
      240                      9229   229438.553088      590.600101     -2.538234e-04
      241                      9229   229430.884750      600.619949      5.288378e-03
      242                      9229   229423.216411      610.640130      4.955115e-05
      243                      9229   229415.548073      620.660645      1.699551e-03
