# NGC_3628_CO.image, box=105,105,290,200, chans=, stokes=
# beam size: 1.37415025358 arcsec2, 34.3537563395 pixels
# Total flux: 1429.3656089 Jy.km/s
# Channel number_of_unmasked_pixels frequency_(MHz) Velocity_(km/s) Flux_density_(Jy)
        0                      7127   231278.954290    -1804.516775      3.326573e-03
        1                      7127   231271.285952    -1794.576980      9.253936e-03
        2                      7127   231263.617613    -1784.636852      3.056357e-03
        3                      7127   231255.949275    -1774.696391     -1.753237e-03
        4                      7127   231248.280937    -1764.755595      3.997043e-03
        5                      7127   231240.612598    -1754.814467     -1.151958e-03
        6                      7127   231232.944260    -1744.873005      4.112422e-03
        7                      7127   231225.275922    -1734.931209      6.748945e-03
        8                      7127   231217.607583    -1724.989080      8.400480e-03
        9                      7127   231209.939245    -1715.046617      8.907002e-03
       10                      7127   231202.270907    -1705.103821      6.770527e-03
       11                      7127   231194.602568    -1695.160691      2.020019e-03
       12                      7127   231186.934230    -1685.217228     -2.145858e-03
       13                      7127   231179.265892    -1675.273431      7.956986e-03
       14                      7127   231171.597553    -1665.329300      1.352511e-03
       15                      7127   231163.929215    -1655.384837      2.771336e-03
       16                      7127   231156.260877    -1645.440039      2.562284e-03
       17                      7127   231148.592538    -1635.494908      2.391023e-03
       18                      7127   231140.924200    -1625.549444      1.939952e-03
       19                      7127   231133.255862    -1615.603645      7.207768e-04
       20                      7127   231125.587523    -1605.657514     -4.455914e-03
       21                      7127   231117.919185    -1595.711049      5.966150e-04
       22                      7127   231110.250846    -1585.764250      6.919455e-03
       23                      7127   231102.582508    -1575.817118     -4.923159e-03
       24                      7127   231094.914170    -1565.869652      4.157175e-03
       25                      7127   231087.245831    -1555.921853      3.538388e-03
       26                      7127   231079.577493    -1545.973720     -1.609938e-03
       27                      7127   231071.909155    -1536.025254      5.667909e-03
       28                      7127   231064.240816    -1526.076454      1.926879e-04
       29                      7127   231056.572478    -1516.127320     -3.041360e-03
       30                      7127   231048.904140    -1506.177853      2.901194e-04
       31                      7127   231041.235801    -1496.228053     -6.669895e-04
       32                      7127   231033.567463    -1486.277919      1.898271e-03
       33                      7127   231025.899125    -1476.327451      1.015015e-03
       34                      7127   231018.230786    -1466.376650      4.429005e-04
       35                      7127   231010.562448    -1456.425515      2.048896e-03
       36                      7127   231002.894110    -1446.474047      1.888760e-03
       37                      7127   230995.225771    -1436.522245     -5.382488e-04
       38                      7127   230987.557433    -1426.570110     -5.368849e-04
       39                      7127   230979.889095    -1416.617641     -1.127500e-03
       40                      7127   230972.220756    -1406.664839      4.029343e-03
       41                      7127   230964.552418    -1396.711703      3.445675e-03
       42                      7127   230956.884080    -1386.758234      4.168371e-03
       43                      7127   230949.215741    -1376.804431      2.717005e-04
       44                      7127   230941.547403    -1366.850294     -5.310660e-03
       45                      7127   230933.879065    -1356.895824      2.247961e-03
       46                      7127   230926.210726    -1346.941020     -8.465223e-05
       47                      7127   230918.542388    -1336.985883      3.245045e-03
       48                      7127   230910.874050    -1327.030412      8.514170e-03
       49                      7127   230903.205711    -1317.074608      5.735302e-04
       50                      7127   230895.537373    -1307.118470     -1.099747e-03
       51                      7127   230887.869035    -1297.161999      6.796571e-04
       52                      7127   230880.200696    -1287.205194     -3.352221e-03
       53                      7127   230872.532358    -1277.248056      6.459830e-05
       54                      7127   230864.864020    -1267.290584      8.572307e-04
       55                      7127   230857.195681    -1257.332778      5.352836e-03
       56                      7127   230849.527343    -1247.374639      2.493450e-03
       57                      7127   230841.859005    -1237.416166      1.432232e-03
       58                      7127   230834.190666    -1227.457360     -2.551441e-06
       59                      7127   230826.522328    -1217.498220     -5.617062e-06
       60                      7127   230818.853990    -1207.538747      3.119545e-03
       61                      7127   230811.185651    -1197.578940     -8.561529e-04
       62                      7127   230803.517313    -1187.618800     -1.506002e-03
       63                      7127   230795.848975    -1177.658326     -5.622794e-04
       64                      7127   230788.180636    -1167.697519     -2.695714e-03
       65                      7127   230780.512298    -1157.736378     -2.171911e-03
       66                      7127   230772.843959    -1147.774903      1.307534e-03
       67                      7127   230765.175621    -1137.813095      1.367370e-03
       68                      7127   230757.507283    -1127.850953      6.140496e-03
       69                      7127   230749.838944    -1117.888478      2.039462e-03
       70                      7127   230742.170606    -1107.925669     -1.321291e-03
       71                      7127   230734.502268    -1097.962527     -1.740636e-04
       72                      7127   230726.833929    -1087.999051     -9.304539e-04
       73                      7127   230719.165591    -1078.035242     -1.094930e-03
       74                      7127   230711.497253    -1068.071099     -3.277287e-03
       75                      7127   230703.828914    -1058.106622     -3.637429e-03
       76                      7127   230696.160576    -1048.141812     -2.341183e-03
       77                      7127   230688.492238    -1038.176668      2.488914e-03
       78                      7127   230680.823899    -1028.211191     -2.144955e-03
       79                      7127   230673.155561    -1018.245381      3.200222e-03
       80                      7127   230665.487223    -1008.279236      3.732327e-03
       81                      7127   230657.818884     -998.312758      3.826757e-04
       82                      7127   230650.150546     -988.345947      3.848486e-03
       83                      7127   230642.482208     -978.378802      3.724248e-04
       84                      7127   230634.813869     -968.411324     -1.631178e-03
       85                      7127   230627.145531     -958.443512      3.459234e-03
       86                      7127   230619.477193     -948.475366      2.018308e-03
       87                      7127   230611.808854     -938.506887      2.713624e-03
       88                      7127   230604.140516     -928.538074      2.424653e-03
       89                      7127   230596.472178     -918.568928      6.597675e-03
       90                      7127   230588.803839     -908.599448      1.210273e-03
       91                      7127   230581.135501     -898.629635     -2.498783e-03
       92                      7127   230573.467163     -888.659488      5.129000e-03
       93                      7127   230565.798824     -878.689007      1.464556e-03
       94                      7127   230558.130486     -868.718193     -2.521459e-03
       95                      7127   230550.462148     -858.747046     -1.116664e-03
       96                      7127   230542.793809     -848.775564      1.333760e-03
       97                      7127   230535.125471     -838.803750      5.907012e-03
       98                      7127   230527.457133     -828.831601      8.846273e-03
       99                      7127   230519.788794     -818.859120      4.460516e-03
      100                      7127   230512.120456     -808.886304      6.058473e-03
      101                      7127   230504.452118     -798.913155      4.010934e-03
      102                      7127   230496.783779     -788.939673      3.916723e-03
      103                      7127   230489.115441     -778.965857      1.332326e-03
      104                      7127   230481.447103     -768.991707      6.768156e-04
      105                      7127   230473.778764     -759.017224      2.575427e-03
      106                      7127   230466.110426     -749.042407      7.473424e-03
      107                      7127   230458.442088     -739.067257     -7.302407e-04
      108                      7127   230450.773749     -729.091773     -4.972443e-03
      109                      7127   230443.105411     -719.115956      4.936152e-03
      110                      7127   230435.437072     -709.139805      5.069567e-03
      111                      7127   230427.768734     -699.163320      3.246142e-03
      112                      7127   230420.100396     -689.186502     -4.515838e-03
      113                      7127   230412.432057     -679.209351      1.585847e-03
      114                      7127   230404.763719     -669.231865      5.743776e-03
      115                      7127   230397.095381     -659.254047      2.048613e-03
      116                      7127   230389.427042     -649.275894      1.723363e-03
      117                      7127   230381.758704     -639.297409      6.472569e-03
      118                      7127   230374.090366     -629.318589     -4.379053e-03
      119                      7127   230366.422027     -619.339436      1.626600e-04
      120                      7127   230358.753689     -609.359950      4.713312e-04
      121                      7127   230351.085351     -599.380129      3.045132e-03
      122                      7127   230343.417012     -589.399976     -2.628881e-03
      123                      7127   230335.748674     -579.419489     -4.004315e-04
      124                      7127   230328.080336     -569.438668     -4.991465e-03
      125                      7127   230320.411997     -559.457513      9.179965e-04
      126                      7127   230312.743659     -549.476026      3.022440e-03
      127                      7127   230305.075321     -539.494204      4.604045e-03
      128                      7127   230297.406982     -529.512049      2.039580e-03
      129                      7127   230289.738644     -519.529560      2.607887e-03
      130                      7127   230282.070306     -509.546738      5.743327e-03
      131                      7127   230274.401967     -499.563583      1.815124e-03
      132                      7127   230266.733629     -489.580093      1.455457e-03
      133                      7127   230259.065291     -479.596270      2.527175e-03
      134                      7127   230251.396952     -469.612114      2.066237e-03
      135                      7127   230243.728614     -459.627624     -3.029192e-03
      136                      7127   230236.060276     -449.642801      2.524102e-03
      137                      7127   230228.391937     -439.657644     -7.706214e-03
      138                      7127   230220.723599     -429.672153     -1.443101e-03
      139                      7127   230213.055261     -419.686329     -1.395143e-03
      140                      7127   230205.386922     -409.700171      2.332138e-03
      141                      7127   230197.718584     -399.713680      3.656392e-03
      142                      7127   230190.050246     -389.726855      2.696697e-03
      143                      7127   230182.381907     -379.739696     -3.335482e-03
      144                      7127   230174.713569     -369.752204      1.647470e-03
      145                      7127   230167.045231     -359.764379      3.758051e-03
      146                      7127   230159.376892     -349.776220      4.712477e-03
      147                      7127   230151.708554     -339.787727     -3.171781e-03
      148                      7127   230144.040216     -329.798901      5.055527e-03
      149                      7127   230136.371877     -319.809741      6.579583e-03
      150                      7127   230128.703539     -309.820247     -1.201576e-03
      151                      7127   230121.035201     -299.830420      2.667519e-03
      152                      7127   230113.366862     -289.840260     -5.866736e-04
      153                      7127   230105.698524     -279.849766     -1.089172e-04
      154                      7127   230098.030185     -269.858938     -7.984002e-04
      155                      7127   230090.361847     -259.867777      8.690981e-03
      156                      7127   230082.693509     -249.876282      5.807961e-03
      157                      7127   230075.025170     -239.884454      1.403143e-03
      158                      7127   230067.356832     -229.892292      1.647998e-03
      159                      7127   230059.688494     -219.899796     -5.019368e-04
      160                      7127   230052.020155     -209.906967      3.656837e-03
      161                      7127   230044.351817     -199.913805      1.670859e-02
      162                      7127   230036.683479     -189.920309      1.119778e-01
      163                      7127   230029.015140     -179.926479      3.120186e-01
      164                      7127   230021.346802     -169.932316      7.391675e-01
      165                      7127   230013.678464     -159.937819      1.362618e+00
      166                      7127   230006.010125     -149.942988      2.044640e+00
      167                      7127   229998.341787     -139.947824      2.490706e+00
      168                      7127   229990.673449     -129.952327      2.746887e+00
      169                      7127   229983.005110     -119.956496      2.916087e+00
      170                      7127   229975.336772     -109.960331      3.046618e+00
      171                      7127   229967.668434      -99.963833      3.393583e+00
      172                      7127   229960.000095      -89.967001      3.931483e+00
      173                      7127   229952.331757      -79.969836      4.542527e+00
      174                      7127   229944.663419      -69.972337      5.018654e+00
      175                      7127   229936.995080      -59.974504      5.348855e+00
      176                      7127   229929.326742      -49.976338      5.899751e+00
      177                      7127   229921.658404      -39.977839      5.791543e+00
      178                      7127   229913.990065      -29.979006      5.248270e+00
      179                      7127   229906.321727      -19.979839      5.309913e+00
      180                      7127   229898.653389       -9.980338      5.247671e+00
      181                      7127   229890.985050        0.019495      5.392898e+00
      182                      7127   229883.316712       10.019663      5.808030e+00
      183                      7127   229875.648374       20.020164      5.947266e+00
      184                      7127   229867.980035       30.020998      5.630512e+00
      185                      7127   229860.311697       40.022166      5.524247e+00
      186                      7127   229852.643359       50.023668      5.338864e+00
      187                      7127   229844.975020       60.025503      5.271358e+00
      188                      7127   229837.306682       70.027672      4.920434e+00
      189                      7127   229829.638344       80.030175      4.558008e+00
      190                      7127   229821.970005       90.033011      4.296387e+00
      191                      7127   229814.301667      100.036180      4.307854e+00
      192                      7127   229806.633329      110.039683      4.391151e+00
      193                      7127   229798.964990      120.043520      3.998543e+00
      194                      7127   229791.296652      130.047690      3.389657e+00
      195                      7127   229783.628314      140.052194      2.897112e+00
      196                      7127   229775.959975      150.057031      2.305959e+00
      197                      7127   229768.291637      160.062202      1.603766e+00
      198                      7127   229760.623298      170.067706      1.057426e+00
      199                      7127   229752.954960      180.073544      4.490305e-01
      200                      7127   229745.286622      190.079716      8.009204e-02
      201                      7127   229737.618283      200.086221      1.708064e-02
      202                      7127   229729.949945      210.093060      9.437369e-03
      203                      7127   229722.281607      220.100232      5.439905e-03
      204                      7127   229714.613268      230.107738      3.456445e-04
      205                      7127   229706.944930      240.115577     -4.135267e-03
      206                      7127   229699.276592      250.123750     -1.011392e-03
      207                      7127   229691.608253      260.132257      6.694755e-04
      208                      7127   229683.939915      270.141097      1.158746e-02
      209                      7127   229676.271577      280.150271     -2.756112e-03
      210                      7127   229668.603238      290.159778     -2.599595e-03
      211                      7127   229660.934900      300.169619     -3.767830e-03
      212                      7127   229653.266562      310.179793      1.076026e-03
      213                      7127   229645.598223      320.190301     -1.398531e-03
      214                      7127   229637.929885      330.201142     -1.372603e-03
      215                      7127   229630.261547      340.212317     -5.168533e-04
      216                      7127   229622.593208      350.223826     -7.385302e-04
      217                      7127   229614.924870      360.235668      2.395918e-03
      218                      7127   229607.256532      370.247844     -1.881081e-03
      219                      7127   229599.588193      380.260353     -1.395700e-03
      220                      7127   229591.919855      390.273196      1.397836e-03
      221                      7127   229584.251517      400.286372     -1.071622e-02
      222                      7127   229576.583178      410.299882      2.503635e-03
      223                      7127   229568.914840      420.313726      2.277703e-03
      224                      7127   229561.246502      430.327903     -7.111926e-03
      225                      7127   229553.578163      440.342414     -6.586442e-03
      226                      7127   229545.909825      450.357258     -1.922508e-03
      227                      7127   229538.241487      460.372436     -1.914021e-03
      228                      7127   229530.573148      470.387947     -7.810028e-04
      229                      7127   229522.904810      480.403792      2.557698e-03
      230                      7127   229515.236472      490.419970     -2.281982e-03
      231                      7127   229507.568133      500.436482     -5.403196e-03
      232                      7127   229499.899795      510.453328      8.285898e-03
      233                      7127   229492.231457      520.470507      2.167356e-03
      234                      7127   229484.563118      530.488020     -4.521952e-03
      235                      7127   229476.894780      540.505866     -2.754062e-03
      236                      7127   229469.226442      550.524046     -3.324033e-03
      237                      7127   229461.558103      560.542559     -1.859326e-03
      238                      7127   229453.889765      570.561406     -5.083270e-03
      239                      7127   229446.221427      580.580587      2.843220e-03
      240                      7127   229438.553088      590.600101     -5.400310e-03
      241                      7127   229430.884750      600.619949      3.520092e-03
      242                      7127   229423.216411      610.640130     -7.175998e-05
      243                      7127   229415.548073      620.660645      4.247520e-04
