# NGC_3628_CO.image, box=100,100,270,170, chans=, stokes=
# beam size: 1.37415025358 arcsec2, 34.3537563395 pixels
# Total flux: 507.982936333 Jy.km/s
# Channel number_of_unmasked_pixels frequency_(MHz) Velocity_(km/s) Flux_density_(Jy)
        0                       338   231278.954290    -1804.516775      1.940102e-03
        1                       338   231271.285952    -1794.576980      1.000283e-03
        2                       338   231263.617613    -1784.636852      3.939855e-04
        3                       338   231255.949275    -1774.696391      2.837217e-04
        4                       338   231248.280937    -1764.755595      1.450615e-06
        5                       338   231240.612598    -1754.814467      3.323225e-03
        6                       338   231232.944260    -1744.873005      1.834139e-03
        7                       338   231225.275922    -1734.931209      2.994696e-03
        8                       338   231217.607583    -1724.989080      1.131181e-03
        9                       338   231209.939245    -1715.046617      2.041478e-03
       10                       338   231202.270907    -1705.103821      1.793571e-03
       11                       338   231194.602568    -1695.160691      2.214994e-03
       12                       338   231186.934230    -1685.217228      2.702065e-03
       13                       338   231179.265892    -1675.273431      3.175134e-03
       14                       338   231171.597553    -1665.329300      1.667818e-03
       15                       338   231163.929215    -1655.384837      2.008169e-03
       16                       338   231156.260877    -1645.440039      2.023585e-03
       17                       338   231148.592538    -1635.494908      2.508347e-03
       18                       338   231140.924200    -1625.549444      2.603747e-04
       19                       338   231133.255862    -1615.603645      1.547626e-03
       20                       338   231125.587523    -1605.657514      1.615105e-03
       21                       338   231117.919185    -1595.711049      4.714888e-05
       22                       338   231110.250846    -1585.764250      6.010940e-04
       23                       338   231102.582508    -1575.817118      1.653466e-03
       24                       338   231094.914170    -1565.869652     -6.415244e-04
       25                       338   231087.245831    -1555.921853     -7.952090e-04
       26                       338   231079.577493    -1545.973720      8.328702e-05
       27                       338   231071.909155    -1536.025254     -1.780791e-04
       28                       338   231064.240816    -1526.076454     -1.467439e-04
       29                       338   231056.572478    -1516.127320     -4.323246e-04
       30                       338   231048.904140    -1506.177853     -5.502274e-04
       31                       338   231041.235801    -1496.228053     -3.570238e-04
       32                       338   231033.567463    -1486.277919     -6.861592e-04
       33                       338   231025.899125    -1476.327451     -6.633445e-04
       34                       338   231018.230786    -1466.376650      2.001238e-03
       35                       338   231010.562448    -1456.425515      6.387107e-04
       36                       338   231002.894110    -1446.474047      2.067019e-03
       37                       338   230995.225771    -1436.522245     -1.435045e-03
       38                       338   230987.557433    -1426.570110      7.391461e-04
       39                       338   230979.889095    -1416.617641      7.600562e-04
       40                       338   230972.220756    -1406.664839      1.272823e-03
       41                       338   230964.552418    -1396.711703     -1.140059e-03
       42                       338   230956.884080    -1386.758234     -1.919972e-04
       43                       338   230949.215741    -1376.804431     -5.200977e-04
       44                       338   230941.547403    -1366.850294      3.199994e-04
       45                       338   230933.879065    -1356.895824     -1.373222e-03
       46                       338   230926.210726    -1346.941020      7.239692e-04
       47                       338   230918.542388    -1336.985883      5.879212e-05
       48                       338   230910.874050    -1327.030412      4.985509e-04
       49                       338   230903.205711    -1317.074608      1.447545e-03
       50                       338   230895.537373    -1307.118470     -1.456031e-03
       51                       338   230887.869035    -1297.161999      8.854991e-04
       52                       338   230880.200696    -1287.205194      2.880179e-04
       53                       338   230872.532358    -1277.248056     -9.534691e-04
       54                       338   230864.864020    -1267.290584      1.061823e-03
       55                       338   230857.195681    -1257.332778     -5.735570e-05
       56                       338   230849.527343    -1247.374639      1.387464e-04
       57                       338   230841.859005    -1237.416166      6.905730e-05
       58                       338   230834.190666    -1227.457360      6.420654e-04
       59                       338   230826.522328    -1217.498220     -6.825464e-05
       60                       338   230818.853990    -1207.538747      8.175009e-04
       61                       338   230811.185651    -1197.578940     -2.088187e-03
       62                       338   230803.517313    -1187.618800     -2.592570e-04
       63                       338   230795.848975    -1177.658326      5.282037e-04
       64                       338   230788.180636    -1167.697519     -3.732000e-04
       65                       338   230780.512298    -1157.736378     -2.992744e-04
       66                       338   230772.843959    -1147.774903      3.694472e-04
       67                       338   230765.175621    -1137.813095     -1.161296e-03
       68                       338   230757.507283    -1127.850953      7.122159e-04
       69                       338   230749.838944    -1117.888478     -3.387934e-04
       70                       338   230742.170606    -1107.925669     -1.721967e-03
       71                       338   230734.502268    -1097.962527     -1.994108e-05
       72                       338   230726.833929    -1087.999051      6.774698e-04
       73                       338   230719.165591    -1078.035242     -2.276099e-04
       74                       338   230711.497253    -1068.071099      4.918514e-04
       75                       338   230703.828914    -1058.106622      4.664251e-04
       76                       338   230696.160576    -1048.141812     -1.595167e-03
       77                       338   230688.492238    -1038.176668      3.358481e-05
       78                       338   230680.823899    -1028.211191     -5.879552e-04
       79                       338   230673.155561    -1018.245381      1.057950e-03
       80                       338   230665.487223    -1008.279236      1.129479e-03
       81                       338   230657.818884     -998.312758      1.903564e-04
       82                       338   230650.150546     -988.345947      4.826674e-04
       83                       338   230642.482208     -978.378802     -1.040530e-03
       84                       338   230634.813869     -968.411324      1.890006e-04
       85                       338   230627.145531     -958.443512      8.921443e-04
       86                       338   230619.477193     -948.475366     -2.497176e-05
       87                       338   230611.808854     -938.506887      1.474389e-03
       88                       338   230604.140516     -928.538074      3.978301e-04
       89                       338   230596.472178     -918.568928     -2.274635e-04
       90                       338   230588.803839     -908.599448      4.728791e-04
       91                       338   230581.135501     -898.629635     -3.281767e-04
       92                       338   230573.467163     -888.659488      1.310154e-03
       93                       338   230565.798824     -878.689007      4.805171e-04
       94                       338   230558.130486     -868.718193     -5.621132e-04
       95                       338   230550.462148     -858.747046      1.208925e-03
       96                       338   230542.793809     -848.775564      2.999938e-04
       97                       338   230535.125471     -838.803750      4.881384e-04
       98                       338   230527.457133     -828.831601      6.747208e-04
       99                       338   230519.788794     -818.859120      2.417094e-03
      100                       338   230512.120456     -808.886304      1.527968e-03
      101                       338   230504.452118     -798.913155      5.231521e-04
      102                       338   230496.783779     -788.939673      9.558103e-04
      103                       338   230489.115441     -778.965857      4.386855e-04
      104                       338   230481.447103     -768.991707      1.471803e-03
      105                       338   230473.778764     -759.017224     -6.666784e-06
      106                       338   230466.110426     -749.042407      6.747302e-04
      107                       338   230458.442088     -739.067257     -1.333454e-03
      108                       338   230450.773749     -729.091773     -9.757512e-04
      109                       338   230443.105411     -719.115956     -1.988258e-04
      110                       338   230435.437072     -709.139805      3.046063e-04
      111                       338   230427.768734     -699.163320     -7.254286e-04
      112                       338   230420.100396     -689.186502     -9.778439e-04
      113                       338   230412.432057     -679.209351     -1.113660e-03
      114                       338   230404.763719     -669.231865     -5.081053e-04
      115                       338   230397.095381     -659.254047      8.384482e-04
      116                       338   230389.427042     -649.275894     -1.094430e-04
      117                       338   230381.758704     -639.297409      2.921369e-03
      118                       338   230374.090366     -629.318589     -7.701103e-04
      119                       338   230366.422027     -619.339436      8.940490e-04
      120                       338   230358.753689     -609.359950     -1.499340e-04
      121                       338   230351.085351     -599.380129      1.060935e-03
      122                       338   230343.417012     -589.399976      4.141668e-05
      123                       338   230335.748674     -579.419489      7.164809e-05
      124                       338   230328.080336     -569.438668     -1.387714e-03
      125                       338   230320.411997     -559.457513      3.934137e-04
      126                       338   230312.743659     -549.476026      6.945672e-04
      127                       338   230305.075321     -539.494204      6.767923e-04
      128                       338   230297.406982     -529.512049      1.721619e-03
      129                       338   230289.738644     -519.529560      1.091258e-04
      130                       338   230282.070306     -509.546738     -6.264531e-04
      131                       338   230274.401967     -499.563583      6.573895e-05
      132                       338   230266.733629     -489.580093     -1.611274e-04
      133                       338   230259.065291     -479.596270      2.939444e-04
      134                       338   230251.396952     -469.612114      4.181268e-04
      135                       338   230243.728614     -459.627624     -7.886613e-05
      136                       338   230236.060276     -449.642801     -7.749718e-05
      137                       338   230228.391937     -439.657644     -1.313925e-03
      138                       338   230220.723599     -429.672153      2.419650e-04
      139                       338   230213.055261     -419.686329      2.278497e-03
      140                       338   230205.386922     -409.700171     -1.081795e-03
      141                       338   230197.718584     -399.713680     -1.760878e-03
      142                       338   230190.050246     -389.726855      5.943861e-04
      143                       338   230182.381907     -379.739696     -1.165868e-03
      144                       338   230174.713569     -369.752204      2.378003e-04
      145                       338   230167.045231     -359.764379      1.818592e-04
      146                       338   230159.376892     -349.776220      6.578853e-04
      147                       338   230151.708554     -339.787727      1.041433e-03
      148                       338   230144.040216     -329.798901      1.266013e-04
      149                       338   230136.371877     -319.809741      2.075857e-03
      150                       338   230128.703539     -309.820247      1.861523e-03
      151                       338   230121.035201     -299.830420     -6.817728e-04
      152                       338   230113.366862     -289.840260     -4.467349e-04
      153                       338   230105.698524     -279.849766     -6.045731e-04
      154                       338   230098.030185     -269.858938      6.872761e-04
      155                       338   230090.361847     -259.867777      9.368904e-04
      156                       338   230082.693509     -249.876282      2.490587e-05
      157                       338   230075.025170     -239.884454      1.283770e-03
      158                       338   230067.356832     -229.892292      2.144292e-03
      159                       338   230059.688494     -219.899796      3.226885e-03
      160                       338   230052.020155     -209.906967      3.901329e-03
      161                       338   230044.351817     -199.913805      7.303851e-03
      162                       338   230036.683479     -189.920309      2.080022e-02
      163                       338   230029.015140     -179.926479      7.169452e-02
      164                       338   230021.346802     -169.932316      1.968231e-01
      165                       338   230013.678464     -159.937819      3.454518e-01
      166                       338   230006.010125     -149.942988      3.976146e-01
      167                       338   229998.341787     -139.947824      2.987162e-01
      168                       338   229990.673449     -129.952327      3.236103e-01
      169                       338   229983.005110     -119.956496      3.273327e-01
      170                       338   229975.336772     -109.960331      2.561166e-01
      171                       338   229967.668434      -99.963833      2.733347e-01
      172                       338   229960.000095      -89.967001      4.431210e-01
      173                       338   229952.331757      -79.969836      7.611026e-01
      174                       338   229944.663419      -69.972337      1.110467e+00
      175                       338   229936.995080      -59.974504      1.361116e+00
      176                       338   229929.326742      -49.976338      1.835622e+00
      177                       338   229921.658404      -39.977839      2.014481e+00
      178                       338   229913.990065      -29.979006      1.933517e+00
      179                       338   229906.321727      -19.979839      2.223430e+00
      180                       338   229898.653389       -9.980338      2.438502e+00
      181                       338   229890.985050        0.019495      2.610883e+00
      182                       338   229883.316712       10.019663      2.698762e+00
      183                       338   229875.648374       20.020164      2.558078e+00
      184                       338   229867.980035       30.020998      2.325186e+00
      185                       338   229860.311697       40.022166      2.160929e+00
      186                       338   229852.643359       50.023668      2.006599e+00
      187                       338   229844.975020       60.025503      1.873681e+00
      188                       338   229837.306682       70.027672      1.768497e+00
      189                       338   229829.638344       80.030175      1.699388e+00
      190                       338   229821.970005       90.033011      1.664284e+00
      191                       338   229814.301667      100.036180      1.799192e+00
      192                       338   229806.633329      110.039683      1.986623e+00
      193                       338   229798.964990      120.043520      1.957895e+00
      194                       338   229791.296652      130.047690      1.814972e+00
      195                       338   229783.628314      140.052194      1.672359e+00
      196                       338   229775.959975      150.057031      1.366812e+00
      197                       338   229768.291637      160.062202      9.957686e-01
      198                       338   229760.623298      170.067706      6.899289e-01
      199                       338   229752.954960      180.073544      3.259702e-01
      200                       338   229745.286622      190.079716      7.325031e-02
      201                       338   229737.618283      200.086221      1.814424e-02
      202                       338   229729.949945      210.093060      7.284503e-03
      203                       338   229722.281607      220.100232      3.177364e-03
      204                       338   229714.613268      230.107738      2.216162e-03
      205                       338   229706.944930      240.115577      1.028581e-03
      206                       338   229699.276592      250.123750      3.348808e-05
      207                       338   229691.608253      260.132257     -4.396058e-04
      208                       338   229683.939915      270.141097      2.253494e-03
      209                       338   229676.271577      280.150271      1.156986e-03
      210                       338   229668.603238      290.159778     -5.719088e-04
      211                       338   229660.934900      300.169619     -7.178645e-04
      212                       338   229653.266562      310.179793      1.325740e-04
      213                       338   229645.598223      320.190301      1.869875e-03
      214                       338   229637.929885      330.201142      2.268714e-04
      215                       338   229630.261547      340.212317     -7.512445e-04
      216                       338   229622.593208      350.223826     -5.255069e-06
      217                       338   229614.924870      360.235668      1.938583e-03
      218                       338   229607.256532      370.247844     -5.657870e-04
      219                       338   229599.588193      380.260353     -1.750896e-03
      220                       338   229591.919855      390.273196      8.204844e-04
      221                       338   229584.251517      400.286372     -2.339855e-03
      222                       338   229576.583178      410.299882     -5.240436e-04
      223                       338   229568.914840      420.313726      1.852999e-03
      224                       338   229561.246502      430.327903     -1.964442e-03
      225                       338   229553.578163      440.342414      7.428427e-04
      226                       338   229545.909825      450.357258      6.685330e-04
      227                       338   229538.241487      460.372436     -4.394865e-04
      228                       338   229530.573148      470.387947     -1.687205e-03
      229                       338   229522.904810      480.403792      6.684034e-04
      230                       338   229515.236472      490.419970      1.318244e-03
      231                       338   229507.568133      500.436482     -2.487211e-03
      232                       338   229499.899795      510.453328      5.401295e-04
      233                       338   229492.231457      520.470507      3.480511e-04
      234                       338   229484.563118      530.488020     -1.286534e-03
      235                       338   229476.894780      540.505866     -9.755901e-04
      236                       338   229469.226442      550.524046     -2.006847e-04
      237                       338   229461.558103      560.542559     -5.624288e-04
      238                       338   229453.889765      570.561406     -1.968709e-03
      239                       338   229446.221427      580.580587     -3.750638e-05
      240                       338   229438.553088      590.600101      2.018068e-03
      241                       338   229430.884750      600.619949      1.551951e-03
      242                       338   229423.216411      610.640130     -1.036210e-03
      243                       338   229415.548073      620.660645      4.859069e-03
