# NGC_3628_CO.image, box=100,100,270,170, chans=, stokes=
# beam size: 1.37415025358 arcsec2, 34.3537563395 pixels
# Total flux: 1329.22264116 Jy.km/s
# Channel number_of_unmasked_pixels frequency_(MHz) Velocity_(km/s) Flux_density_(Jy)
        0                      2836   231278.954290    -1804.516775      4.255605e-03
        1                      2836   231271.285952    -1794.576980      7.135076e-03
        2                      2836   231263.617613    -1784.636852      6.857863e-03
        3                      2836   231255.949275    -1774.696391     -4.484857e-03
        4                      2836   231248.280937    -1764.755595      3.710450e-03
        5                      2836   231240.612598    -1754.814467     -2.987562e-03
        6                      2836   231232.944260    -1744.873005     -4.448886e-04
        7                      2836   231225.275922    -1734.931209      2.725163e-03
        8                      2836   231217.607583    -1724.989080      5.396557e-04
        9                      2836   231209.939245    -1715.046617      7.299024e-03
       10                      2836   231202.270907    -1705.103821      1.855597e-04
       11                      2836   231194.602568    -1695.160691      3.302465e-03
       12                      2836   231186.934230    -1685.217228      1.758325e-03
       13                      2836   231179.265892    -1675.273431      3.881498e-03
       14                      2836   231171.597553    -1665.329300      7.031984e-04
       15                      2836   231163.929215    -1655.384837      5.313999e-04
       16                      2836   231156.260877    -1645.440039      6.739167e-03
       17                      2836   231148.592538    -1635.494908      2.944413e-03
       18                      2836   231140.924200    -1625.549444      3.872887e-05
       19                      2836   231133.255862    -1615.603645     -1.073802e-03
       20                      2836   231125.587523    -1605.657514      2.394578e-03
       21                      2836   231117.919185    -1595.711049      1.882920e-04
       22                      2836   231110.250846    -1585.764250      3.364441e-03
       23                      2836   231102.582508    -1575.817118     -2.199454e-03
       24                      2836   231094.914170    -1565.869652     -2.909486e-03
       25                      2836   231087.245831    -1555.921853      5.267038e-04
       26                      2836   231079.577493    -1545.973720      1.024948e-04
       27                      2836   231071.909155    -1536.025254      1.104076e-04
       28                      2836   231064.240816    -1526.076454      6.415618e-04
       29                      2836   231056.572478    -1516.127320      9.469774e-04
       30                      2836   231048.904140    -1506.177853      6.988084e-04
       31                      2836   231041.235801    -1496.228053     -3.434356e-03
       32                      2836   231033.567463    -1486.277919     -9.614709e-04
       33                      2836   231025.899125    -1476.327451     -4.286670e-03
       34                      2836   231018.230786    -1466.376650      3.456310e-03
       35                      2836   231010.562448    -1456.425515     -2.140043e-03
       36                      2836   231002.894110    -1446.474047     -1.855930e-03
       37                      2836   230995.225771    -1436.522245     -2.214829e-03
       38                      2836   230987.557433    -1426.570110      8.783573e-04
       39                      2836   230979.889095    -1416.617641     -1.648402e-03
       40                      2836   230972.220756    -1406.664839      2.180340e-03
       41                      2836   230964.552418    -1396.711703     -1.330716e-03
       42                      2836   230956.884080    -1386.758234      3.738724e-03
       43                      2836   230949.215741    -1376.804431      1.410762e-03
       44                      2836   230941.547403    -1366.850294     -4.927493e-04
       45                      2836   230933.879065    -1356.895824     -8.448515e-04
       46                      2836   230926.210726    -1346.941020     -1.664605e-03
       47                      2836   230918.542388    -1336.985883      4.747604e-03
       48                      2836   230910.874050    -1327.030412      1.943592e-03
       49                      2836   230903.205711    -1317.074608      4.436973e-03
       50                      2836   230895.537373    -1307.118470     -4.056051e-03
       51                      2836   230887.869035    -1297.161999      1.069184e-03
       52                      2836   230880.200696    -1287.205194     -1.057619e-04
       53                      2836   230872.532358    -1277.248056      1.545173e-03
       54                      2836   230864.864020    -1267.290584      1.439904e-03
       55                      2836   230857.195681    -1257.332778      5.495814e-04
       56                      2836   230849.527343    -1247.374639      2.569290e-03
       57                      2836   230841.859005    -1237.416166      3.956080e-03
       58                      2836   230834.190666    -1227.457360      7.359296e-04
       59                      2836   230826.522328    -1217.498220      9.831036e-04
       60                      2836   230818.853990    -1207.538747      3.605676e-03
       61                      2836   230811.185651    -1197.578940      1.431364e-03
       62                      2836   230803.517313    -1187.618800     -1.158094e-03
       63                      2836   230795.848975    -1177.658326      2.576064e-04
       64                      2836   230788.180636    -1167.697519     -1.601944e-03
       65                      2836   230780.512298    -1157.736378     -1.890001e-03
       66                      2836   230772.843959    -1147.774903     -1.720592e-03
       67                      2836   230765.175621    -1137.813095      5.032828e-03
       68                      2836   230757.507283    -1127.850953      1.725581e-03
       69                      2836   230749.838944    -1117.888478     -4.527626e-04
       70                      2836   230742.170606    -1107.925669      7.248656e-04
       71                      2836   230734.502268    -1097.962527      1.641963e-03
       72                      2836   230726.833929    -1087.999051      1.397862e-03
       73                      2836   230719.165591    -1078.035242     -1.187905e-03
       74                      2836   230711.497253    -1068.071099     -3.574123e-04
       75                      2836   230703.828914    -1058.106622     -7.351008e-04
       76                      2836   230696.160576    -1048.141812     -2.552697e-03
       77                      2836   230688.492238    -1038.176668      9.763515e-04
       78                      2836   230680.823899    -1028.211191     -2.090190e-03
       79                      2836   230673.155561    -1018.245381      3.815894e-04
       80                      2836   230665.487223    -1008.279236      1.688536e-03
       81                      2836   230657.818884     -998.312758      5.373101e-04
       82                      2836   230650.150546     -988.345947     -9.135358e-06
       83                      2836   230642.482208     -978.378802     -1.513118e-03
       84                      2836   230634.813869     -968.411324     -1.427251e-03
       85                      2836   230627.145531     -958.443512     -2.360753e-04
       86                      2836   230619.477193     -948.475366      3.172896e-04
       87                      2836   230611.808854     -938.506887     -7.977060e-04
       88                      2836   230604.140516     -928.538074      7.038975e-03
       89                      2836   230596.472178     -918.568928      4.180024e-03
       90                      2836   230588.803839     -908.599448      2.223972e-03
       91                      2836   230581.135501     -898.629635     -2.055766e-03
       92                      2836   230573.467163     -888.659488      7.833532e-03
       93                      2836   230565.798824     -878.689007     -1.619809e-03
       94                      2836   230558.130486     -868.718193     -3.649359e-03
       95                      2836   230550.462148     -858.747046      4.501820e-03
       96                      2836   230542.793809     -848.775564      2.974799e-03
       97                      2836   230535.125471     -838.803750      5.486954e-03
       98                      2836   230527.457133     -828.831601      3.715971e-03
       99                      2836   230519.788794     -818.859120      6.616675e-03
      100                      2836   230512.120456     -808.886304      5.199316e-03
      101                      2836   230504.452118     -798.913155     -5.733295e-04
      102                      2836   230496.783779     -788.939673      6.983638e-04
      103                      2836   230489.115441     -778.965857     -2.379238e-04
      104                      2836   230481.447103     -768.991707      1.552287e-03
      105                      2836   230473.778764     -759.017224     -3.078218e-04
      106                      2836   230466.110426     -749.042407      3.407261e-03
      107                      2836   230458.442088     -739.067257      7.210394e-04
      108                      2836   230450.773749     -729.091773     -1.892950e-03
      109                      2836   230443.105411     -719.115956     -1.086789e-03
      110                      2836   230435.437072     -709.139805      1.560876e-03
      111                      2836   230427.768734     -699.163320     -1.025685e-03
      112                      2836   230420.100396     -689.186502     -4.295492e-03
      113                      2836   230412.432057     -679.209351      1.380617e-03
      114                      2836   230404.763719     -669.231865      6.266019e-03
      115                      2836   230397.095381     -659.254047      1.752395e-03
      116                      2836   230389.427042     -649.275894     -3.569253e-03
      117                      2836   230381.758704     -639.297409      2.806391e-03
      118                      2836   230374.090366     -629.318589     -2.823102e-03
      119                      2836   230366.422027     -619.339436      1.015112e-03
      120                      2836   230358.753689     -609.359950     -4.585387e-04
      121                      2836   230351.085351     -599.380129      3.105754e-03
      122                      2836   230343.417012     -589.399976     -9.155728e-04
      123                      2836   230335.748674     -579.419489     -3.041745e-04
      124                      2836   230328.080336     -569.438668     -3.411584e-03
      125                      2836   230320.411997     -559.457513      4.621660e-04
      126                      2836   230312.743659     -549.476026      1.897961e-03
      127                      2836   230305.075321     -539.494204     -1.831965e-03
      128                      2836   230297.406982     -529.512049      1.564813e-03
      129                      2836   230289.738644     -519.529560      1.299524e-04
      130                      2836   230282.070306     -509.546738     -1.659250e-03
      131                      2836   230274.401967     -499.563583      3.128954e-03
      132                      2836   230266.733629     -489.580093      2.173282e-03
      133                      2836   230259.065291     -479.596270     -6.154630e-04
      134                      2836   230251.396952     -469.612114      1.785092e-03
      135                      2836   230243.728614     -459.627624      1.523244e-04
      136                      2836   230236.060276     -449.642801     -7.237282e-04
      137                      2836   230228.391937     -439.657644     -3.467692e-03
      138                      2836   230220.723599     -429.672153     -1.328416e-03
      139                      2836   230213.055261     -419.686329      3.551354e-03
      140                      2836   230205.386922     -409.700171      3.516712e-03
      141                      2836   230197.718584     -399.713680     -1.648821e-03
      142                      2836   230190.050246     -389.726855      7.424852e-04
      143                      2836   230182.381907     -379.739696      1.493924e-03
      144                      2836   230174.713569     -369.752204      1.004514e-03
      145                      2836   230167.045231     -359.764379     -2.374754e-03
      146                      2836   230159.376892     -349.776220     -7.707624e-04
      147                      2836   230151.708554     -339.787727      2.025255e-03
      148                      2836   230144.040216     -329.798901      2.492127e-03
      149                      2836   230136.371877     -319.809741      3.519674e-03
      150                      2836   230128.703539     -309.820247      1.797407e-03
      151                      2836   230121.035201     -299.830420      3.323680e-05
      152                      2836   230113.366862     -289.840260     -2.940713e-04
      153                      2836   230105.698524     -279.849766     -2.724464e-03
      154                      2836   230098.030185     -269.858938     -1.858145e-03
      155                      2836   230090.361847     -259.867777      9.933829e-04
      156                      2836   230082.693509     -249.876282      8.965550e-05
      157                      2836   230075.025170     -239.884454      5.680239e-05
      158                      2836   230067.356832     -229.892292     -2.058188e-03
      159                      2836   230059.688494     -219.899796      2.659959e-03
      160                      2836   230052.020155     -209.906967      6.649666e-03
      161                      2836   230044.351817     -199.913805      2.173856e-02
      162                      2836   230036.683479     -189.920309      1.006336e-01
      163                      2836   230029.015140     -179.926479      2.747343e-01
      164                      2836   230021.346802     -169.932316      6.529292e-01
      165                      2836   230013.678464     -159.937819      1.259495e+00
      166                      2836   230006.010125     -149.942988      1.963075e+00
      167                      2836   229998.341787     -139.947824      2.424806e+00
      168                      2836   229990.673449     -129.952327      2.748634e+00
      169                      2836   229983.005110     -119.956496      2.917828e+00
      170                      2836   229975.336772     -109.960331      2.986329e+00
      171                      2836   229967.668434      -99.963833      3.298994e+00
      172                      2836   229960.000095      -89.967001      3.759590e+00
      173                      2836   229952.331757      -79.969836      4.460925e+00
      174                      2836   229944.663419      -69.972337      4.910066e+00
      175                      2836   229936.995080      -59.974504      5.125588e+00
      176                      2836   229929.326742      -49.976338      5.601962e+00
      177                      2836   229921.658404      -39.977839      5.484934e+00
      178                      2836   229913.990065      -29.979006      4.983312e+00
      179                      2836   229906.321727      -19.979839      5.008656e+00
      180                      2836   229898.653389       -9.980338      4.968548e+00
      181                      2836   229890.985050        0.019495      4.989127e+00
      182                      2836   229883.316712       10.019663      5.256002e+00
      183                      2836   229875.648374       20.020164      5.190320e+00
      184                      2836   229867.980035       30.020998      4.798012e+00
      185                      2836   229860.311697       40.022166      4.683078e+00
      186                      2836   229852.643359       50.023668      4.490202e+00
      187                      2836   229844.975020       60.025503      4.450773e+00
      188                      2836   229837.306682       70.027672      4.255507e+00
      189                      2836   229829.638344       80.030175      3.993471e+00
      190                      2836   229821.970005       90.033011      3.901315e+00
      191                      2836   229814.301667      100.036180      4.004140e+00
      192                      2836   229806.633329      110.039683      4.223690e+00
      193                      2836   229798.964990      120.043520      3.872955e+00
      194                      2836   229791.296652      130.047690      3.331837e+00
      195                      2836   229783.628314      140.052194      2.902311e+00
      196                      2836   229775.959975      150.057031      2.299756e+00
      197                      2836   229768.291637      160.062202      1.580044e+00
      198                      2836   229760.623298      170.067706      1.042830e+00
      199                      2836   229752.954960      180.073544      4.503970e-01
      200                      2836   229745.286622      190.079716      9.332199e-02
      201                      2836   229737.618283      200.086221      2.310471e-02
      202                      2836   229729.949945      210.093060      7.939337e-03
      203                      2836   229722.281607      220.100232      9.596702e-04
      204                      2836   229714.613268      230.107738     -1.009695e-03
      205                      2836   229706.944930      240.115577      1.247872e-03
      206                      2836   229699.276592      250.123750     -3.086375e-03
      207                      2836   229691.608253      260.132257      1.728954e-03
      208                      2836   229683.939915      270.141097      8.566694e-03
      209                      2836   229676.271577      280.150271      5.979477e-03
      210                      2836   229668.603238      290.159778      1.920705e-03
      211                      2836   229660.934900      300.169619     -1.674632e-03
      212                      2836   229653.266562      310.179793      1.486821e-03
      213                      2836   229645.598223      320.190301     -2.155341e-03
      214                      2836   229637.929885      330.201142      5.491106e-04
      215                      2836   229630.261547      340.212317     -1.374678e-03
      216                      2836   229622.593208      350.223826     -2.768958e-03
      217                      2836   229614.924870      360.235668     -7.016551e-04
      218                      2836   229607.256532      370.247844      1.717172e-03
      219                      2836   229599.588193      380.260353     -3.350880e-03
      220                      2836   229591.919855      390.273196     -4.766426e-03
      221                      2836   229584.251517      400.286372     -3.140009e-03
      222                      2836   229576.583178      410.299882      2.279005e-03
      223                      2836   229568.914840      420.313726     -1.239584e-03
      224                      2836   229561.246502      430.327903     -4.656353e-03
      225                      2836   229553.578163      440.342414      3.390571e-03
      226                      2836   229545.909825      450.357258      2.657310e-03
      227                      2836   229538.241487      460.372436     -3.102780e-03
      228                      2836   229530.573148      470.387947     -8.405555e-04
      229                      2836   229522.904810      480.403792     -3.491536e-03
      230                      2836   229515.236472      490.419970     -1.937247e-03
      231                      2836   229507.568133      500.436482     -4.825091e-03
      232                      2836   229499.899795      510.453328      1.018313e-02
      233                      2836   229492.231457      520.470507      2.178966e-03
      234                      2836   229484.563118      530.488020     -4.473960e-03
      235                      2836   229476.894780      540.505866     -1.093616e-03
      236                      2836   229469.226442      550.524046     -2.652446e-03
      237                      2836   229461.558103      560.542559      2.489354e-03
      238                      2836   229453.889765      570.561406     -2.815880e-03
      239                      2836   229446.221427      580.580587      5.444573e-03
      240                      2836   229438.553088      590.600101     -4.111877e-03
      241                      2836   229430.884750      600.619949      1.763811e-03
      242                      2836   229423.216411      610.640130     -4.019192e-03
      243                      2836   229415.548073      620.660645      8.346465e-03
