# NGC_3628_CO.image, box=100,100,270,170, chans=, stokes=
# beam size: 1.37415025358 arcsec2, 34.3537563395 pixels
# Total flux: 260.500456469 Jy.km/s
# Channel number_of_unmasked_pixels frequency_(MHz) Velocity_(km/s) Flux_density_(Jy)
        0                       130   231278.954290    -1804.516775      1.625459e-03
        1                       130   231271.285952    -1794.576980     -2.013703e-04
        2                       130   231263.617613    -1784.636852      1.605651e-04
        3                       130   231255.949275    -1774.696391      4.710622e-04
        4                       130   231248.280937    -1764.755595      8.243062e-04
        5                       130   231240.612598    -1754.814467      2.255471e-03
        6                       130   231232.944260    -1744.873005      1.998832e-03
        7                       130   231225.275922    -1734.931209      2.750500e-03
        8                       130   231217.607583    -1724.989080      1.235137e-03
        9                       130   231209.939245    -1715.046617      2.058311e-03
       10                       130   231202.270907    -1705.103821      1.090091e-03
       11                       130   231194.602568    -1695.160691      1.771022e-03
       12                       130   231186.934230    -1685.217228      2.137791e-03
       13                       130   231179.265892    -1675.273431      1.802960e-03
       14                       130   231171.597553    -1665.329300      1.152087e-03
       15                       130   231163.929215    -1655.384837      1.428409e-03
       16                       130   231156.260877    -1645.440039      5.288571e-04
       17                       130   231148.592538    -1635.494908      1.439792e-03
       18                       130   231140.924200    -1625.549444      5.296582e-04
       19                       130   231133.255862    -1615.603645      1.482588e-03
       20                       130   231125.587523    -1605.657514      1.155999e-03
       21                       130   231117.919185    -1595.711049      1.416395e-04
       22                       130   231110.250846    -1585.764250      7.502725e-04
       23                       130   231102.582508    -1575.817118      1.379606e-03
       24                       130   231094.914170    -1565.869652      1.942810e-04
       25                       130   231087.245831    -1555.921853     -1.181306e-04
       26                       130   231079.577493    -1545.973720     -8.809468e-05
       27                       130   231071.909155    -1536.025254     -1.106443e-04
       28                       130   231064.240816    -1526.076454     -6.418677e-05
       29                       130   231056.572478    -1516.127320     -3.394750e-04
       30                       130   231048.904140    -1506.177853     -4.308746e-04
       31                       130   231041.235801    -1496.228053     -5.142756e-04
       32                       130   231033.567463    -1486.277919      1.006635e-04
       33                       130   231025.899125    -1476.327451     -8.682333e-04
       34                       130   231018.230786    -1466.376650      8.955716e-05
       35                       130   231010.562448    -1456.425515      4.024379e-05
       36                       130   231002.894110    -1446.474047      4.260978e-04
       37                       130   230995.225771    -1436.522245     -2.030706e-03
       38                       130   230987.557433    -1426.570110      9.561703e-05
       39                       130   230979.889095    -1416.617641      4.919315e-04
       40                       130   230972.220756    -1406.664839      7.162741e-04
       41                       130   230964.552418    -1396.711703     -1.143184e-03
       42                       130   230956.884080    -1386.758234     -2.126028e-04
       43                       130   230949.215741    -1376.804431     -1.931941e-04
       44                       130   230941.547403    -1366.850294     -6.229858e-05
       45                       130   230933.879065    -1356.895824     -4.178048e-04
       46                       130   230926.210726    -1346.941020      5.500139e-04
       47                       130   230918.542388    -1336.985883     -3.009966e-04
       48                       130   230910.874050    -1327.030412      7.549445e-04
       49                       130   230903.205711    -1317.074608      1.451797e-04
       50                       130   230895.537373    -1307.118470     -1.003016e-03
       51                       130   230887.869035    -1297.161999      4.969393e-04
       52                       130   230880.200696    -1287.205194      1.617584e-04
       53                       130   230872.532358    -1277.248056     -4.719094e-05
       54                       130   230864.864020    -1267.290584      3.813180e-04
       55                       130   230857.195681    -1257.332778      1.855264e-04
       56                       130   230849.527343    -1247.374639     -4.476109e-05
       57                       130   230841.859005    -1237.416166     -8.622007e-06
       58                       130   230834.190666    -1227.457360      4.691457e-04
       59                       130   230826.522328    -1217.498220      5.919852e-04
       60                       130   230818.853990    -1207.538747     -1.583220e-04
       61                       130   230811.185651    -1197.578940     -7.521037e-04
       62                       130   230803.517313    -1187.618800     -2.292480e-04
       63                       130   230795.848975    -1177.658326     -3.985390e-04
       64                       130   230788.180636    -1167.697519     -7.870837e-04
       65                       130   230780.512298    -1157.736378     -7.543696e-04
       66                       130   230772.843959    -1147.774903      6.325103e-04
       67                       130   230765.175621    -1137.813095     -6.494290e-04
       68                       130   230757.507283    -1127.850953      1.763761e-04
       69                       130   230749.838944    -1117.888478     -2.268790e-04
       70                       130   230742.170606    -1107.925669     -1.139830e-03
       71                       130   230734.502268    -1097.962527     -2.906889e-04
       72                       130   230726.833929    -1087.999051     -1.408533e-04
       73                       130   230719.165591    -1078.035242     -3.632197e-04
       74                       130   230711.497253    -1068.071099      9.390724e-04
       75                       130   230703.828914    -1058.106622     -2.193241e-04
       76                       130   230696.160576    -1048.141812     -5.386642e-04
       77                       130   230688.492238    -1038.176668     -8.049826e-05
       78                       130   230680.823899    -1028.211191     -8.899666e-04
       79                       130   230673.155561    -1018.245381      1.029593e-03
       80                       130   230665.487223    -1008.279236      4.059147e-04
       81                       130   230657.818884     -998.312758     -3.542362e-04
       82                       130   230650.150546     -988.345947     -4.215029e-04
       83                       130   230642.482208     -978.378802     -3.437399e-04
       84                       130   230634.813869     -968.411324      8.848859e-04
       85                       130   230627.145531     -958.443512      4.230984e-04
       86                       130   230619.477193     -948.475366     -2.585638e-04
       87                       130   230611.808854     -938.506887      7.383284e-04
       88                       130   230604.140516     -928.538074      8.545437e-05
       89                       130   230596.472178     -918.568928      8.601206e-06
       90                       130   230588.803839     -908.599448     -5.174351e-04
       91                       130   230581.135501     -898.629635     -4.640244e-05
       92                       130   230573.467163     -888.659488      3.908688e-04
       93                       130   230565.798824     -878.689007     -1.488030e-04
       94                       130   230558.130486     -868.718193     -5.856019e-05
       95                       130   230550.462148     -858.747046      9.711778e-04
       96                       130   230542.793809     -848.775564     -6.876430e-04
       97                       130   230535.125471     -838.803750      3.181502e-04
       98                       130   230527.457133     -828.831601      4.685476e-04
       99                       130   230519.788794     -818.859120      1.261209e-03
      100                       130   230512.120456     -808.886304      1.487664e-03
      101                       130   230504.452118     -798.913155     -1.689468e-05
      102                       130   230496.783779     -788.939673      6.317502e-04
      103                       130   230489.115441     -778.965857      6.474909e-05
      104                       130   230481.447103     -768.991707      4.269535e-04
      105                       130   230473.778764     -759.017224      8.956303e-04
      106                       130   230466.110426     -749.042407      3.200497e-04
      107                       130   230458.442088     -739.067257     -6.770015e-04
      108                       130   230450.773749     -729.091773      2.101396e-04
      109                       130   230443.105411     -719.115956     -5.586798e-04
      110                       130   230435.437072     -709.139805      1.449889e-04
      111                       130   230427.768734     -699.163320      3.971428e-05
      112                       130   230420.100396     -689.186502     -4.820118e-04
      113                       130   230412.432057     -679.209351     -6.979798e-04
      114                       130   230404.763719     -669.231865     -8.002575e-04
      115                       130   230397.095381     -659.254047      5.751747e-05
      116                       130   230389.427042     -649.275894     -4.696047e-04
      117                       130   230381.758704     -639.297409      1.640824e-03
      118                       130   230374.090366     -629.318589     -5.675336e-04
      119                       130   230366.422027     -619.339436      6.743936e-04
      120                       130   230358.753689     -609.359950      2.224223e-04
      121                       130   230351.085351     -599.380129      4.629220e-04
      122                       130   230343.417012     -589.399976     -1.531993e-04
      123                       130   230335.748674     -579.419489     -5.616253e-05
      124                       130   230328.080336     -569.438668     -6.867818e-05
      125                       130   230320.411997     -559.457513      5.126240e-04
      126                       130   230312.743659     -549.476026      3.554978e-04
      127                       130   230305.075321     -539.494204     -1.554261e-04
      128                       130   230297.406982     -529.512049      8.821648e-04
      129                       130   230289.738644     -519.529560     -4.119444e-04
      130                       130   230282.070306     -509.546738      7.937834e-05
      131                       130   230274.401967     -499.563583      5.208323e-04
      132                       130   230266.733629     -489.580093     -3.092656e-06
      133                       130   230259.065291     -479.596270      7.071308e-04
      134                       130   230251.396952     -469.612114     -1.095915e-04
      135                       130   230243.728614     -459.627624     -9.309252e-04
      136                       130   230236.060276     -449.642801     -4.462917e-04
      137                       130   230228.391937     -439.657644     -9.510372e-05
      138                       130   230220.723599     -429.672153      9.018388e-04
      139                       130   230213.055261     -419.686329      8.547455e-04
      140                       130   230205.386922     -409.700171     -4.190249e-04
      141                       130   230197.718584     -399.713680     -8.600442e-04
      142                       130   230190.050246     -389.726855     -7.532257e-05
      143                       130   230182.381907     -379.739696     -2.112848e-04
      144                       130   230174.713569     -369.752204      2.287839e-04
      145                       130   230167.045231     -359.764379      1.168279e-04
      146                       130   230159.376892     -349.776220      7.716777e-04
      147                       130   230151.708554     -339.787727     -1.206982e-05
      148                       130   230144.040216     -329.798901      9.994813e-05
      149                       130   230136.371877     -319.809741      8.833449e-04
      150                       130   230128.703539     -309.820247      6.899134e-04
      151                       130   230121.035201     -299.830420      4.018329e-05
      152                       130   230113.366862     -289.840260     -4.573714e-04
      153                       130   230105.698524     -279.849766     -7.210266e-04
      154                       130   230098.030185     -269.858938     -7.329788e-05
      155                       130   230090.361847     -259.867777      2.791488e-04
      156                       130   230082.693509     -249.876282      4.610925e-05
      157                       130   230075.025170     -239.884454      1.486329e-03
      158                       130   230067.356832     -229.892292      8.975337e-04
      159                       130   230059.688494     -219.899796      9.315728e-04
      160                       130   230052.020155     -209.906967      5.192079e-04
      161                       130   230044.351817     -199.913805      1.226871e-03
      162                       130   230036.683479     -189.920309     -2.177393e-04
      163                       130   230029.015140     -179.926479      2.951509e-03
      164                       130   230021.346802     -169.932316      7.219624e-03
      165                       130   230013.678464     -159.937819      1.004664e-02
      166                       130   230006.010125     -149.942988      6.664094e-03
      167                       130   229998.341787     -139.947824      1.002340e-02
      168                       130   229990.673449     -129.952327      2.068580e-02
      169                       130   229983.005110     -119.956496      3.883046e-02
      170                       130   229975.336772     -109.960331      3.995506e-02
      171                       130   229967.668434      -99.963833      5.448745e-02
      172                       130   229960.000095      -89.967001      9.281334e-02
      173                       130   229952.331757      -79.969836      2.101607e-01
      174                       130   229944.663419      -69.972337      4.099368e-01
      175                       130   229936.995080      -59.974504      5.689368e-01
      176                       130   229929.326742      -49.976338      8.177367e-01
      177                       130   229921.658404      -39.977839      9.552391e-01
      178                       130   229913.990065      -29.979006      9.721555e-01
      179                       130   229906.321727      -19.979839      1.065017e+00
      180                       130   229898.653389       -9.980338      1.218463e+00
      181                       130   229890.985050        0.019495      1.344736e+00
      182                       130   229883.316712       10.019663      1.476223e+00
      183                       130   229875.648374       20.020164      1.466851e+00
      184                       130   229867.980035       30.020998      1.376161e+00
      185                       130   229860.311697       40.022166      1.290787e+00
      186                       130   229852.643359       50.023668      1.209160e+00
      187                       130   229844.975020       60.025503      1.095493e+00
      188                       130   229837.306682       70.027672      1.020378e+00
      189                       130   229829.638344       80.030175      9.950801e-01
      190                       130   229821.970005       90.033011      9.919297e-01
      191                       130   229814.301667      100.036180      1.073724e+00
      192                       130   229806.633329      110.039683      1.161012e+00
      193                       130   229798.964990      120.043520      1.170191e+00
      194                       130   229791.296652      130.047690      1.122844e+00
      195                       130   229783.628314      140.052194      1.002594e+00
      196                       130   229775.959975      150.057031      7.579226e-01
      197                       130   229768.291637      160.062202      4.803752e-01
      198                       130   229760.623298      170.067706      2.864127e-01
      199                       130   229752.954960      180.073544      1.350216e-01
      200                       130   229745.286622      190.079716      3.351741e-02
      201                       130   229737.618283      200.086221      7.376682e-03
      202                       130   229729.949945      210.093060      3.081986e-03
      203                       130   229722.281607      220.100232      2.260892e-03
      204                       130   229714.613268      230.107738      1.304192e-03
      205                       130   229706.944930      240.115577     -3.547018e-05
      206                       130   229699.276592      250.123750     -5.245859e-05
      207                       130   229691.608253      260.132257     -6.596746e-04
      208                       130   229683.939915      270.141097      1.762273e-03
      209                       130   229676.271577      280.150271      4.786133e-04
      210                       130   229668.603238      290.159778      3.595217e-04
      211                       130   229660.934900      300.169619     -7.587909e-04
      212                       130   229653.266562      310.179793     -3.347010e-04
      213                       130   229645.598223      320.190301      1.593394e-03
      214                       130   229637.929885      330.201142      1.696366e-04
      215                       130   229630.261547      340.212317     -7.417967e-05
      216                       130   229622.593208      350.223826     -6.703087e-04
      217                       130   229614.924870      360.235668      6.187370e-04
      218                       130   229607.256532      370.247844     -1.212076e-03
      219                       130   229599.588193      380.260353     -5.553376e-04
      220                       130   229591.919855      390.273196      1.022067e-03
      221                       130   229584.251517      400.286372     -1.448730e-03
      222                       130   229576.583178      410.299882     -1.033794e-03
      223                       130   229568.914840      420.313726      6.996877e-04
      224                       130   229561.246502      430.327903     -1.496762e-03
      225                       130   229553.578163      440.342414      2.920324e-04
      226                       130   229545.909825      450.357258      1.357802e-04
      227                       130   229538.241487      460.372436      1.141930e-04
      228                       130   229530.573148      470.387947     -1.158348e-03
      229                       130   229522.904810      480.403792      3.633268e-04
      230                       130   229515.236472      490.419970      3.085394e-04
      231                       130   229507.568133      500.436482     -1.155999e-03
      232                       130   229499.899795      510.453328      1.337897e-03
      233                       130   229492.231457      520.470507      8.009988e-04
      234                       130   229484.563118      530.488020     -4.948578e-04
      235                       130   229476.894780      540.505866     -5.714123e-04
      236                       130   229469.226442      550.524046      3.889602e-04
      237                       130   229461.558103      560.542559     -2.440820e-04
      238                       130   229453.889765      570.561406     -5.199143e-04
      239                       130   229446.221427      580.580587      5.375091e-04
      240                       130   229438.553088      590.600101      1.397843e-03
      241                       130   229430.884750      600.619949      1.563835e-03
      242                       130   229423.216411      610.640130      6.073455e-04
      243                       130   229415.548073      620.660645      1.272601e-03
