# NGC_3628_CO.image, box=100,100,270,170, chans=, stokes=
# beam size: 1.37415025358 arcsec2, 34.3537563395 pixels
# Total flux: 1252.41877632 Jy.km/s
# Channel number_of_unmasked_pixels frequency_(MHz) Velocity_(km/s) Flux_density_(Jy)
        0                      2251   231278.954290    -1804.516775      4.462322e-03
        1                      2251   231271.285952    -1794.576980      7.919659e-03
        2                      2251   231263.617613    -1784.636852      2.702762e-03
        3                      2251   231255.949275    -1774.696391     -7.197376e-03
        4                      2251   231248.280937    -1764.755595      1.206391e-03
        5                      2251   231240.612598    -1754.814467     -2.050529e-03
        6                      2251   231232.944260    -1744.873005     -1.393957e-03
        7                      2251   231225.275922    -1734.931209     -5.227446e-04
        8                      2251   231217.607583    -1724.989080      6.397232e-04
        9                      2251   231209.939245    -1715.046617      6.722097e-03
       10                      2251   231202.270907    -1705.103821      2.894720e-05
       11                      2251   231194.602568    -1695.160691      3.179262e-03
       12                      2251   231186.934230    -1685.217228      3.201596e-03
       13                      2251   231179.265892    -1675.273431      2.801488e-03
       14                      2251   231171.597553    -1665.329300      5.664385e-04
       15                      2251   231163.929215    -1655.384837     -1.591303e-03
       16                      2251   231156.260877    -1645.440039      4.852880e-03
       17                      2251   231148.592538    -1635.494908      3.796932e-03
       18                      2251   231140.924200    -1625.549444      2.452814e-05
       19                      2251   231133.255862    -1615.603645     -1.291948e-03
       20                      2251   231125.587523    -1605.657514      2.552996e-03
       21                      2251   231117.919185    -1595.711049     -2.153980e-04
       22                      2251   231110.250846    -1585.764250      2.602292e-03
       23                      2251   231102.582508    -1575.817118     -1.749269e-03
       24                      2251   231094.914170    -1565.869652     -5.131743e-03
       25                      2251   231087.245831    -1555.921853      8.106077e-04
       26                      2251   231079.577493    -1545.973720     -1.227911e-03
       27                      2251   231071.909155    -1536.025254      8.813245e-04
       28                      2251   231064.240816    -1526.076454     -4.496220e-04
       29                      2251   231056.572478    -1516.127320      1.550556e-03
       30                      2251   231048.904140    -1506.177853      5.102816e-04
       31                      2251   231041.235801    -1496.228053     -2.500165e-03
       32                      2251   231033.567463    -1486.277919     -1.661357e-03
       33                      2251   231025.899125    -1476.327451     -3.462686e-03
       34                      2251   231018.230786    -1466.376650      3.127831e-03
       35                      2251   231010.562448    -1456.425515     -2.556437e-03
       36                      2251   231002.894110    -1446.474047      4.310675e-04
       37                      2251   230995.225771    -1436.522245     -2.315938e-03
       38                      2251   230987.557433    -1426.570110      3.481753e-06
       39                      2251   230979.889095    -1416.617641     -7.700489e-04
       40                      2251   230972.220756    -1406.664839      2.564803e-03
       41                      2251   230964.552418    -1396.711703     -1.731924e-03
       42                      2251   230956.884080    -1386.758234      2.957598e-03
       43                      2251   230949.215741    -1376.804431      5.561358e-04
       44                      2251   230941.547403    -1366.850294      3.213079e-04
       45                      2251   230933.879065    -1356.895824     -1.011490e-03
       46                      2251   230926.210726    -1346.941020     -1.518870e-03
       47                      2251   230918.542388    -1336.985883      4.757047e-03
       48                      2251   230910.874050    -1327.030412      2.272250e-03
       49                      2251   230903.205711    -1317.074608      4.655784e-03
       50                      2251   230895.537373    -1307.118470     -3.115900e-03
       51                      2251   230887.869035    -1297.161999      1.598775e-03
       52                      2251   230880.200696    -1287.205194     -1.697289e-04
       53                      2251   230872.532358    -1277.248056      7.512135e-04
       54                      2251   230864.864020    -1267.290584      9.777355e-04
       55                      2251   230857.195681    -1257.332778      5.617775e-04
       56                      2251   230849.527343    -1247.374639      1.631042e-03
       57                      2251   230841.859005    -1237.416166      3.207572e-03
       58                      2251   230834.190666    -1227.457360      1.292343e-03
       59                      2251   230826.522328    -1217.498220      1.300494e-03
       60                      2251   230818.853990    -1207.538747      3.832533e-03
       61                      2251   230811.185651    -1197.578940      1.221553e-03
       62                      2251   230803.517313    -1187.618800     -5.861290e-04
       63                      2251   230795.848975    -1177.658326     -3.575987e-04
       64                      2251   230788.180636    -1167.697519     -2.374485e-03
       65                      2251   230780.512298    -1157.736378     -2.186336e-03
       66                      2251   230772.843959    -1147.774903     -4.452126e-04
       67                      2251   230765.175621    -1137.813095      5.338100e-03
       68                      2251   230757.507283    -1127.850953      5.954467e-04
       69                      2251   230749.838944    -1117.888478     -1.521025e-03
       70                      2251   230742.170606    -1107.925669     -1.664365e-04
       71                      2251   230734.502268    -1097.962527      1.440249e-03
       72                      2251   230726.833929    -1087.999051      1.997218e-03
       73                      2251   230719.165591    -1078.035242     -1.032195e-03
       74                      2251   230711.497253    -1068.071099     -6.200338e-04
       75                      2251   230703.828914    -1058.106622     -1.382368e-03
       76                      2251   230696.160576    -1048.141812     -3.626024e-03
       77                      2251   230688.492238    -1038.176668      8.814484e-04
       78                      2251   230680.823899    -1028.211191     -7.451074e-04
       79                      2251   230673.155561    -1018.245381      1.091014e-03
       80                      2251   230665.487223    -1008.279236      1.690562e-03
       81                      2251   230657.818884     -998.312758      2.395468e-04
       82                      2251   230650.150546     -988.345947     -8.823777e-04
       83                      2251   230642.482208     -978.378802      1.655601e-04
       84                      2251   230634.813869     -968.411324     -2.397643e-03
       85                      2251   230627.145531     -958.443512      3.373934e-04
       86                      2251   230619.477193     -948.475366     -4.107024e-04
       87                      2251   230611.808854     -938.506887     -1.768533e-03
       88                      2251   230604.140516     -928.538074      5.759018e-03
       89                      2251   230596.472178     -918.568928      3.743771e-03
       90                      2251   230588.803839     -908.599448      1.881194e-03
       91                      2251   230581.135501     -898.629635     -2.279939e-03
       92                      2251   230573.467163     -888.659488      5.125931e-03
       93                      2251   230565.798824     -878.689007     -7.506692e-04
       94                      2251   230558.130486     -868.718193     -2.710924e-03
       95                      2251   230550.462148     -858.747046      4.480964e-03
       96                      2251   230542.793809     -848.775564      2.231284e-03
       97                      2251   230535.125471     -838.803750      2.568937e-03
       98                      2251   230527.457133     -828.831601      3.950854e-03
       99                      2251   230519.788794     -818.859120      6.383603e-03
      100                      2251   230512.120456     -808.886304      4.047999e-03
      101                      2251   230504.452118     -798.913155      4.782132e-04
      102                      2251   230496.783779     -788.939673      6.289747e-04
      103                      2251   230489.115441     -778.965857     -5.566175e-04
      104                      2251   230481.447103     -768.991707      1.778363e-03
      105                      2251   230473.778764     -759.017224     -1.249002e-03
      106                      2251   230466.110426     -749.042407      2.625779e-03
      107                      2251   230458.442088     -739.067257      6.192938e-04
      108                      2251   230450.773749     -729.091773     -2.058808e-03
      109                      2251   230443.105411     -719.115956     -7.590574e-04
      110                      2251   230435.437072     -709.139805      1.584421e-03
      111                      2251   230427.768734     -699.163320     -9.646339e-04
      112                      2251   230420.100396     -689.186502     -2.867745e-03
      113                      2251   230412.432057     -679.209351      1.933503e-04
      114                      2251   230404.763719     -669.231865      3.390406e-03
      115                      2251   230397.095381     -659.254047      1.798012e-03
      116                      2251   230389.427042     -649.275894     -4.016992e-03
      117                      2251   230381.758704     -639.297409      3.531989e-03
      118                      2251   230374.090366     -629.318589     -3.702345e-03
      119                      2251   230366.422027     -619.339436      1.002823e-03
      120                      2251   230358.753689     -609.359950      4.441281e-04
      121                      2251   230351.085351     -599.380129      2.617870e-03
      122                      2251   230343.417012     -589.399976     -1.679803e-03
      123                      2251   230335.748674     -579.419489      6.675802e-05
      124                      2251   230328.080336     -569.438668     -2.065972e-03
      125                      2251   230320.411997     -559.457513     -9.400007e-04
      126                      2251   230312.743659     -549.476026      1.164363e-03
      127                      2251   230305.075321     -539.494204     -1.170518e-03
      128                      2251   230297.406982     -529.512049      1.381811e-03
      129                      2251   230289.738644     -519.529560     -4.889940e-04
      130                      2251   230282.070306     -509.546738     -1.397084e-03
      131                      2251   230274.401967     -499.563583      3.069625e-03
      132                      2251   230266.733629     -489.580093      1.593417e-03
      133                      2251   230259.065291     -479.596270     -1.087219e-03
      134                      2251   230251.396952     -469.612114      8.067967e-04
      135                      2251   230243.728614     -459.627624     -4.783871e-04
      136                      2251   230236.060276     -449.642801     -3.049331e-04
      137                      2251   230228.391937     -439.657644     -3.463061e-03
      138                      2251   230220.723599     -429.672153     -1.281365e-03
      139                      2251   230213.055261     -419.686329      2.759506e-03
      140                      2251   230205.386922     -409.700171      2.237429e-03
      141                      2251   230197.718584     -399.713680     -1.450981e-03
      142                      2251   230190.050246     -389.726855      1.364351e-03
      143                      2251   230182.381907     -379.739696      8.762076e-04
      144                      2251   230174.713569     -369.752204      1.226268e-03
      145                      2251   230167.045231     -359.764379     -2.978495e-03
      146                      2251   230159.376892     -349.776220      4.807202e-04
      147                      2251   230151.708554     -339.787727      1.989330e-03
      148                      2251   230144.040216     -329.798901      1.358733e-03
      149                      2251   230136.371877     -319.809741      3.290024e-03
      150                      2251   230128.703539     -309.820247      1.631543e-03
      151                      2251   230121.035201     -299.830420      2.083252e-04
      152                      2251   230113.366862     -289.840260      6.592783e-04
      153                      2251   230105.698524     -279.849766     -3.214010e-03
      154                      2251   230098.030185     -269.858938     -2.692775e-03
      155                      2251   230090.361847     -259.867777     -1.448869e-03
      156                      2251   230082.693509     -249.876282     -9.058815e-04
      157                      2251   230075.025170     -239.884454     -5.352068e-04
      158                      2251   230067.356832     -229.892292     -1.246589e-03
      159                      2251   230059.688494     -219.899796      3.125188e-03
      160                      2251   230052.020155     -209.906967      7.246340e-03
      161                      2251   230044.351817     -199.913805      2.365803e-02
      162                      2251   230036.683479     -189.920309      9.910125e-02
      163                      2251   230029.015140     -179.926479      2.610454e-01
      164                      2251   230021.346802     -169.932316      5.934070e-01
      165                      2251   230013.678464     -159.937819      1.149225e+00
      166                      2251   230006.010125     -149.942988      1.796505e+00
      167                      2251   229998.341787     -139.947824      2.235751e+00
      168                      2251   229990.673449     -129.952327      2.586709e+00
      169                      2251   229983.005110     -119.956496      2.784823e+00
      170                      2251   229975.336772     -109.960331      2.841029e+00
      171                      2251   229967.668434      -99.963833      3.107322e+00
      172                      2251   229960.000095      -89.967001      3.534121e+00
      173                      2251   229952.331757      -79.969836      4.194052e+00
      174                      2251   229944.663419      -69.972337      4.635262e+00
      175                      2251   229936.995080      -59.974504      4.829300e+00
      176                      2251   229929.326742      -49.976338      5.336549e+00
      177                      2251   229921.658404      -39.977839      5.204622e+00
      178                      2251   229913.990065      -29.979006      4.752189e+00
      179                      2251   229906.321727      -19.979839      4.803154e+00
      180                      2251   229898.653389       -9.980338      4.752275e+00
      181                      2251   229890.985050        0.019495      4.731568e+00
      182                      2251   229883.316712       10.019663      4.947940e+00
      183                      2251   229875.648374       20.020164      4.847018e+00
      184                      2251   229867.980035       30.020998      4.467297e+00
      185                      2251   229860.311697       40.022166      4.376394e+00
      186                      2251   229852.643359       50.023668      4.221977e+00
      187                      2251   229844.975020       60.025503      4.185267e+00
      188                      2251   229837.306682       70.027672      3.968150e+00
      189                      2251   229829.638344       80.030175      3.680629e+00
      190                      2251   229821.970005       90.033011      3.631283e+00
      191                      2251   229814.301667      100.036180      3.738247e+00
      192                      2251   229806.633329      110.039683      3.938522e+00
      193                      2251   229798.964990      120.043520      3.611075e+00
      194                      2251   229791.296652      130.047690      3.122878e+00
      195                      2251   229783.628314      140.052194      2.760143e+00
      196                      2251   229775.959975      150.057031      2.221830e+00
      197                      2251   229768.291637      160.062202      1.553418e+00
      198                      2251   229760.623298      170.067706      1.042308e+00
      199                      2251   229752.954960      180.073544      4.542253e-01
      200                      2251   229745.286622      190.079716      9.550083e-02
      201                      2251   229737.618283      200.086221      2.340242e-02
      202                      2251   229729.949945      210.093060      6.845465e-03
      203                      2251   229722.281607      220.100232     -6.121969e-04
      204                      2251   229714.613268      230.107738      4.351314e-04
      205                      2251   229706.944930      240.115577      3.122239e-03
      206                      2251   229699.276592      250.123750     -1.215883e-03
      207                      2251   229691.608253      260.132257      1.132632e-03
      208                      2251   229683.939915      270.141097      8.107671e-03
      209                      2251   229676.271577      280.150271      5.218737e-03
      210                      2251   229668.603238      290.159778      3.132043e-03
      211                      2251   229660.934900      300.169619     -2.284396e-03
      212                      2251   229653.266562      310.179793      1.517982e-03
      213                      2251   229645.598223      320.190301      4.862321e-04
      214                      2251   229637.929885      330.201142     -8.259139e-04
      215                      2251   229630.261547      340.212317     -2.612382e-03
      216                      2251   229622.593208      350.223826     -2.065524e-03
      217                      2251   229614.924870      360.235668      8.811338e-04
      218                      2251   229607.256532      370.247844      8.281271e-04
      219                      2251   229599.588193      380.260353     -4.440763e-03
      220                      2251   229591.919855      390.273196     -4.955498e-03
      221                      2251   229584.251517      400.286372     -2.336486e-03
      222                      2251   229576.583178      410.299882      2.818373e-03
      223                      2251   229568.914840      420.313726     -7.023775e-04
      224                      2251   229561.246502      430.327903     -2.607235e-03
      225                      2251   229553.578163      440.342414      1.089235e-03
      226                      2251   229545.909825      450.357258     -3.617481e-05
      227                      2251   229538.241487      460.372436     -3.269014e-05
      228                      2251   229530.573148      470.387947     -1.290683e-03
      229                      2251   229522.904810      480.403792     -2.048794e-03
      230                      2251   229515.236472      490.419970     -7.629478e-05
      231                      2251   229507.568133      500.436482     -2.945408e-03
      232                      2251   229499.899795      510.453328      1.024865e-02
      233                      2251   229492.231457      520.470507      2.405038e-03
      234                      2251   229484.563118      530.488020     -3.323884e-03
      235                      2251   229476.894780      540.505866     -1.424150e-03
      236                      2251   229469.226442      550.524046     -2.096111e-03
      237                      2251   229461.558103      560.542559      1.785595e-03
      238                      2251   229453.889765      570.561406     -1.317494e-03
      239                      2251   229446.221427      580.580587      2.348414e-03
      240                      2251   229438.553088      590.600101     -1.560183e-03
      241                      2251   229430.884750      600.619949      2.148973e-03
      242                      2251   229423.216411      610.640130     -5.850743e-03
      243                      2251   229415.548073      620.660645      6.187877e-03
