# NGC_3628_H30a.lineimage, box=100,100,270,170, chans=, stokes=
# multiple beams
# Total flux: 0.951379368422 Jy.km/s
# Channel number_of_unmasked_pixels frequency_(MHz) Velocity_(km/s) Flux_density_(Jy)
        0                      2836   232654.759502    -1815.598714     -1.201312e-03
        1                      2836   232647.045832    -1805.659292     -2.043053e-03
        2                      2836   232639.332163    -1795.719535      5.161173e-03
        3                      2836   232631.618493    -1785.779446      3.326720e-04
        4                      2836   232623.904823    -1775.839022     -5.014631e-03
        5                      2836   232616.191153    -1765.898266      2.703298e-03
        6                      2836   232608.477484    -1755.957175      4.924250e-03
        7                      2836   232600.763814    -1746.015752     -2.640888e-03
        8                      2836   232593.050144    -1736.073994      4.818870e-03
        9                      2836   232585.336475    -1726.131903      1.010978e-03
       10                      2836   232577.622805    -1716.189479      8.167045e-05
       11                      2836   232569.909135    -1706.246721      2.400630e-03
       12                      2836   232562.195466    -1696.303630     -2.118016e-05
       13                      2836   232554.481796    -1686.360205     -5.082427e-05
       14                      2836   232546.768126    -1676.416446     -2.228977e-03
       15                      2836   232539.054456    -1666.472354      5.315036e-04
       16                      2836   232531.340787    -1656.527928     -1.561764e-03
       17                      2836   232523.627117    -1646.583169      4.869786e-03
       18                      2836   232515.913447    -1636.638077     -3.450097e-03
       19                      2836   232508.199778    -1626.692651     -2.647808e-03
       20                      2836   232500.486108    -1616.746891     -3.821318e-03
       21                      2836   232492.772438    -1606.800798      3.991819e-03
       22                      2836   232485.058769    -1596.854371     -1.000114e-03
       23                      2836   232477.345099    -1586.907610     -1.348794e-04
       24                      2836   232469.631429    -1576.960517      1.245348e-03
       25                      2836   232461.917759    -1567.013089      2.015634e-03
       26                      2836   232454.204090    -1557.065328     -5.401332e-03
       27                      2836   232446.490420    -1547.117234     -1.556237e-03
       28                      2836   232438.776750    -1537.168806     -9.484632e-04
       29                      2836   232431.063081    -1527.220044     -9.073259e-04
       30                      2836   232423.349411    -1517.270949     -1.902973e-03
       31                      2836   232415.635741    -1507.321520     -1.943766e-03
       32                      2836   232407.922072    -1497.371758      5.305751e-04
       33                      2836   232400.208402    -1487.421662      9.807558e-04
       34                      2836   232392.494732    -1477.471233      2.253055e-03
       35                      2836   232384.781062    -1467.520470      1.006880e-06
       36                      2836   232377.067393    -1457.569374      9.742362e-05
       37                      2836   232369.353723    -1447.617944     -4.559211e-03
       38                      2836   232361.640053    -1437.666181     -1.497433e-03
       39                      2836   232353.926384    -1427.714084      2.132052e-03
       40                      2836   232346.212714    -1417.761653     -1.907654e-03
       41                      2836   232338.499044    -1407.808889      1.477693e-04
       42                      2836   232330.785375    -1397.855792     -2.702848e-03
       43                      2836   232323.071705    -1387.902361     -4.496468e-04
       44                      2836   232315.358035    -1377.948596     -2.541986e-03
       45                      2836   232307.644365    -1367.994498      2.086274e-04
       46                      2836   232299.930696    -1358.040066     -2.601551e-05
       47                      2836   232292.217026    -1348.085301     -1.899772e-03
       48                      2836   232284.503356    -1338.130202     -1.584736e-03
       49                      2836   232276.789687    -1328.174770     -1.672960e-04
       50                      2836   232269.076017    -1318.219004      4.133100e-04
       51                      2836   232261.362347    -1308.262904      4.009053e-03
       52                      2836   232253.648678    -1298.306471      3.067473e-03
       53                      2836   232245.935008    -1288.349705      2.746105e-03
       54                      2836   232238.221338    -1278.392604      2.107454e-03
       55                      2836   232230.507668    -1268.435171     -7.246168e-03
       56                      2836   232222.793999    -1258.477404     -5.232655e-03
       57                      2836   232215.080329    -1248.519303      2.399819e-03
       58                      2836   232207.366659    -1238.560869      8.529246e-04
       59                      2836   232199.652990    -1228.602101      2.409866e-03
       60                      2836   232191.939320    -1218.642999     -5.077655e-04
       61                      2836   232184.225650    -1208.683564     -3.716570e-04
       62                      2836   232176.511981    -1198.723796     -6.994766e-03
       63                      2836   232168.798311    -1188.763694      1.590035e-03
       64                      2836   232161.084641    -1178.803258     -8.507484e-04
       65                      2836   232153.370971    -1168.842489     -2.979444e-03
       66                      2836   232145.657302    -1158.881386     -1.881052e-03
       67                      2836   232137.943632    -1148.919950      2.387258e-03
       68                      2836   232130.229962    -1138.958180     -4.978000e-04
       69                      2836   232122.516293    -1128.996077      9.360980e-04
       70                      2836   232114.802623    -1119.033640     -2.426451e-03
       71                      2836   232107.088953    -1109.070870      4.164352e-03
       72                      2836   232099.375283    -1099.107766     -1.349153e-03
       73                      2836   232091.661614    -1089.144328      1.420100e-03
       74                      2836   232083.947944    -1079.180557      1.714116e-03
       75                      2836   232076.234274    -1069.216453     -3.910250e-03
       76                      2836   232068.520605    -1059.252014     -1.469754e-03
       77                      2836   232060.806935    -1049.287243     -1.790287e-03
       78                      2836   232053.093265    -1039.322137     -3.132875e-04
       79                      2836   232045.379596    -1029.356699     -1.064968e-03
       80                      2836   232037.665926    -1019.390926      2.687147e-03
       81                      2836   232029.952256    -1009.424820      3.294078e-04
       82                      2836   232022.238586     -999.458381     -8.832252e-04
       83                      2836   232014.524917     -989.491608      1.836681e-03
       84                      2836   232006.811247     -979.524501      5.383293e-04
       85                      2836   231999.097577     -969.557061     -1.634893e-03
       86                      2836   231991.383908     -959.589287     -5.807947e-03
       87                      2836   231983.670238     -949.621180      5.726740e-03
       88                      2836   231975.956568     -939.652739     -2.088505e-03
       89                      2836   231968.242899     -929.683965      7.845329e-04
       90                      2836   231960.529229     -919.714857     -1.949129e-03
       91                      2836   231952.815559     -909.745415     -3.839846e-04
       92                      2836   231945.101889     -899.775640      1.656929e-04
       93                      2836   231937.388220     -889.805532      9.500441e-04
       94                      2836   231929.674550     -879.835090     -1.241347e-03
       95                      2836   231921.960880     -869.864314     -4.661958e-04
       96                      2836   231914.247211     -859.893205     -1.202728e-03
       97                      2836   231906.533541     -849.921762      3.671700e-03
       98                      2836   231898.819871     -839.949986      2.211715e-03
       99                      2836   231891.106202     -829.977876      6.108836e-03
      100                      2836   231883.392532     -820.005432      1.418118e-03
      101                      2836   231875.678862     -810.032655      2.326861e-03
      102                      2836   231867.965192     -800.059545     -1.356876e-03
      103                      2836   231860.251523     -790.086100      1.904447e-03
      104                      2836   231852.537853     -780.112323      5.047477e-03
      105                      2836   231844.824183     -770.138211     -2.605148e-04
      106                      2836   231837.110514     -760.163767      1.853823e-03
      107                      2836   231829.396844     -750.188988      1.760503e-03
      108                      2836   231821.683174     -740.213876     -1.211487e-03
      109                      2836   231813.969505     -730.238431     -1.085876e-03
      110                      2836   231806.255835     -720.262652     -6.588298e-04
      111                      2836   231798.542165     -710.286539      4.871866e-04
      112                      2836   231790.828495     -700.310093      3.143739e-04
      113                      2836   231783.114826     -690.333313     -4.489773e-04
      114                      2836   231775.401156     -680.356200      9.001657e-04
      115                      2836   231767.687486     -670.378753      4.294818e-03
      116                      2836   231759.973817     -660.400973      4.511270e-04
      117                      2836   231752.260147     -650.422859      5.065952e-04
      118                      2836   231744.546477     -640.444411      5.302636e-04
      119                      2836   231736.832808     -630.465630      1.551598e-03
      120                      2836   231729.119138     -620.486515      1.489193e-03
      121                      2836   231721.405468     -610.507067     -1.240237e-03
      122                      2836   231713.691798     -600.527285      3.226835e-04
      123                      2836   231705.978129     -590.547170      1.473053e-03
      124                      2836   231698.264459     -580.566721     -2.558426e-03
      125                      2836   231690.550789     -570.585939      2.639099e-03
      126                      2836   231682.837120     -560.604823     -2.033861e-03
      127                      2836   231675.123450     -550.623373      2.004675e-03
      128                      2836   231667.409780     -540.641590     -1.673529e-04
      129                      2836   231659.696111     -530.659473     -4.349392e-04
      130                      2836   231651.982441     -520.677023     -3.697054e-06
      131                      2836   231644.268771     -510.694239      6.354443e-04
      132                      2836   231636.555101     -500.711122     -2.083981e-05
      133                      2836   231628.841432     -490.727671      9.555416e-04
      134                      2836   231621.127762     -480.743887     -4.110443e-05
      135                      2836   231613.414092     -470.759769      1.014210e-03
      136                      2836   231605.700423     -460.775317     -2.289920e-04
      137                      2836   231597.986753     -450.790532      1.148968e-03
      138                      2836   231590.273083     -440.805413      1.461731e-03
      139                      2836   231582.559413     -430.819961     -2.475575e-03
      140                      2836   231574.845744     -420.834175     -3.906876e-03
      141                      2836   231567.132074     -410.848055      3.129924e-03
      142                      2836   231559.418404     -400.861602     -1.684064e-03
      143                      2836   231551.704735     -390.874816      1.721426e-03
      144                      2836   231543.991065     -380.887696     -1.406471e-03
      145                      2836   231536.277395     -370.900242      1.195581e-03
      146                      2836   231528.563726     -360.912455     -4.239084e-03
      147                      2836   231520.850056     -350.924334      6.590407e-03
      148                      2836   231513.136386     -340.935880      1.855401e-04
      149                      2836   231505.422716     -330.947092      2.296690e-03
      150                      2836   231497.709047     -320.957970     -1.911254e-03
      151                      2836   231489.995377     -310.968515      3.776993e-03
      152                      2836   231482.281707     -300.978727     -6.440982e-04
      153                      2836   231474.568038     -290.988604      4.812094e-04
      154                      2836   231466.854368     -280.998149      4.619615e-05
      155                      2836   231459.140698     -271.007359     -4.488106e-03
      156                      2836   231451.427029     -261.016237      2.475323e-04
      157                      2836   231443.713359     -251.024780     -6.146217e-04
      158                      2836   231435.999689     -241.032990     -2.349998e-03
      159                      2836   231428.286019     -231.040867     -1.580258e-03
      160                      2836   231420.572350     -221.048409      2.805978e-03
      161                      2836   231412.858680     -211.055619     -1.318451e-03
      162                      2836   231405.145010     -201.062494     -3.732882e-03
      163                      2836   231397.431341     -191.069037      1.721453e-03
      164                      2836   231389.717671     -181.075245     -1.258661e-03
      165                      2836   231382.004001     -171.081120      6.304269e-03
      166                      2836   231374.290332     -161.086662     -1.943950e-03
      167                      2836   231366.576662     -151.091870      3.370891e-03
      168                      2836   231358.862992     -141.096744      2.014686e-03
      169                      2836   231351.149322     -131.101285      7.126370e-03
      170                      2836   231343.435653     -121.105492      2.819093e-03
      171                      2836   231335.721983     -111.109366      5.995973e-03
      172                      2836   231328.008313     -101.112906      3.153702e-03
      173                      2836   231320.294644      -91.116113      1.093904e-02
      174                      2836   231312.580974      -81.118986      3.862778e-04
      175                      2836   231304.867304      -71.121525      3.142624e-03
      176                      2836   231297.153635      -61.123731      1.393595e-03
      177                      2836   231289.439965      -51.125603      1.609505e-03
      178                      2836   231281.726295      -41.127142      2.921879e-03
      179                      2836   231274.012625      -31.128347     -1.359272e-03
      180                      2836   231266.298956      -21.129219      8.900147e-03
      181                      2836   231258.585286      -11.129757      1.312967e-03
      182                      2836   231250.871616       -1.129961     -3.133333e-04
      183                      2836   231243.157947        8.870168      5.742298e-03
      184                      2836   231235.444277       18.870631     -2.262397e-03
      185                      2836   231227.730607       28.871427      4.593117e-03
      186                      2836   231220.016938       38.872557      3.832371e-03
      187                      2836   231212.303268       48.874020      8.008375e-03
      188                      2836   231204.589598       58.875817      4.340763e-03
      189                      2836   231196.875928       68.877947      1.396402e-03
      190                      2836   231189.162259       78.880411      4.386184e-03
      191                      2836   231181.448589       88.883209      5.812355e-03
      192                      2836   231173.734919       98.886340      3.045768e-03
      193                      2836   231166.021250      108.889805      1.059466e-03
      194                      2836   231158.307580      118.893603      5.671337e-03
      195                      2836   231150.593910      128.897735      5.108979e-03
      196                      2836   231142.880241      138.902200     -2.130369e-03
      197                      2836   231135.166571      148.906999     -6.082643e-05
      198                      2836   231127.452901      158.912132      4.350962e-03
      199                      2836   231119.739231      168.917598     -7.545916e-04
      200                      2836   231112.025562      178.923398      4.544768e-03
      201                      2836   231104.311892      188.929531     -3.368780e-03
      202                      2836   231096.598222      198.935998     -7.863458e-04
      203                      2836   231088.884553      208.942798     -1.353810e-03
      204                      2836   231081.170883      218.949932      1.812791e-03
      205                      2836   231073.457213      228.957400     -1.260155e-03
      206                      2836   231065.743543      238.965201      1.001490e-03
      207                      2836   231058.029874      248.973335     -4.566330e-03
      208                      2836   231050.316204      258.981804      2.768032e-04
      209                      2836   231042.602534      268.990605     -3.246631e-03
      210                      2836   231034.888865      278.999741     -5.113432e-04
      211                      2836   231027.175195      289.009209      2.047288e-03
      212                      2836   231019.461525      299.019012      3.160985e-03
      213                      2836   231011.747856      309.029148     -1.243828e-03
      214                      2836   231004.034186      319.039617     -4.259144e-03
      215                      2836   230996.320516      329.050421      4.423565e-04
      216                      2836   230988.606846      339.061557      7.344818e-04
      217                      2836   230980.893177      349.073028     -2.622742e-03
      218                      2836   230973.179507      359.084831      8.583301e-04
      219                      2836   230965.465837      369.096969     -5.429106e-03
      220                      2836   230957.752168      379.109440      1.149421e-03
      221                      2836   230950.038498      389.122244      6.720892e-03
      222                      2836   230942.324828      399.135382     -1.326160e-03
      223                      2836   230934.611159      409.148854      6.339209e-04
      224                      2836   230926.897489      419.162659     -8.658919e-04
      225                      2836   230919.183819      429.176798      3.593601e-03
      226                      2836   230911.470149      439.191270      8.475663e-04
      227                      2836   230903.756480      449.206076      1.731187e-03
      228                      2836   230896.042810      459.221215     -5.959388e-03
      229                      2836   230888.329140      469.236688     -2.742018e-03
      230                      2836   230880.615471      479.252495     -1.381116e-03
      231                      2836   230872.901801      489.268635     -1.597602e-03
      232                      2836   230865.188131      499.285109     -5.075746e-04
      233                      2836   230857.474462      509.301916     -4.325248e-03
      234                      2836   230849.760792      519.319057      2.733306e-03
      235                      2836   230842.047122      529.336531     -1.217213e-03
      236                      2836   230834.333452      539.354339     -2.052065e-03
      237                      2836   230826.619783      549.372481     -6.457514e-05
      238                      2836   230818.906113      559.390956      3.337560e-03
      239                      2836   230811.192443      569.409764     -2.687086e-04
      240                      2836   230803.478774      579.428907      1.455873e-04
      241                      2836   230795.765104      589.448382     -8.383577e-04
      242                      2836   230788.051434      599.468192     -1.387756e-03
