# NGC_3628_H30a.lineimage, box=100,100,270,170, chans=, stokes=
# multiple beams
# Total flux: 0.95121441787 Jy.km/s
# Channel number_of_unmasked_pixels frequency_(MHz) Velocity_(km/s) Flux_density_(Jy)
        0                      2251   232654.759502    -1815.598714     -7.443830e-04
        1                      2251   232647.045832    -1805.659292     -1.536349e-03
        2                      2251   232639.332163    -1795.719535      4.928134e-03
        3                      2251   232631.618493    -1785.779446      7.799267e-04
        4                      2251   232623.904823    -1775.839022     -4.854208e-03
        5                      2251   232616.191153    -1765.898266      1.966717e-03
        6                      2251   232608.477484    -1755.957175      2.996704e-03
        7                      2251   232600.763814    -1746.015752     -2.215430e-03
        8                      2251   232593.050144    -1736.073994      5.473690e-03
        9                      2251   232585.336475    -1726.131903      1.363518e-04
       10                      2251   232577.622805    -1716.189479      1.422795e-03
       11                      2251   232569.909135    -1706.246721      1.736406e-03
       12                      2251   232562.195466    -1696.303630      7.380117e-05
       13                      2251   232554.481796    -1686.360205      8.165145e-04
       14                      2251   232546.768126    -1676.416446     -3.975395e-05
       15                      2251   232539.054456    -1666.472354      3.336336e-04
       16                      2251   232531.340787    -1656.527928     -2.176922e-03
       17                      2251   232523.627117    -1646.583169      3.463280e-03
       18                      2251   232515.913447    -1636.638077     -3.647457e-03
       19                      2251   232508.199778    -1626.692651     -2.462998e-03
       20                      2251   232500.486108    -1616.746891     -2.558325e-03
       21                      2251   232492.772438    -1606.800798      2.160367e-03
       22                      2251   232485.058769    -1596.854371     -1.777331e-03
       23                      2251   232477.345099    -1586.907610      1.135242e-04
       24                      2251   232469.631429    -1576.960517      1.030767e-04
       25                      2251   232461.917759    -1567.013089      1.674996e-03
       26                      2251   232454.204090    -1557.065328     -3.608119e-03
       27                      2251   232446.490420    -1547.117234     -1.584909e-03
       28                      2251   232438.776750    -1537.168806     -1.273329e-03
       29                      2251   232431.063081    -1527.220044     -6.663249e-04
       30                      2251   232423.349411    -1517.270949     -1.283617e-03
       31                      2251   232415.635741    -1507.321520     -2.298820e-03
       32                      2251   232407.922072    -1497.371758      8.793311e-04
       33                      2251   232400.208402    -1487.421662      5.424002e-04
       34                      2251   232392.494732    -1477.471233      1.649918e-03
       35                      2251   232384.781062    -1467.520470      2.258033e-04
       36                      2251   232377.067393    -1457.569374     -7.897583e-05
       37                      2251   232369.353723    -1447.617944     -4.048874e-03
       38                      2251   232361.640053    -1437.666181     -1.454277e-03
       39                      2251   232353.926384    -1427.714084      2.474173e-03
       40                      2251   232346.212714    -1417.761653     -2.208142e-03
       41                      2251   232338.499044    -1407.808889     -1.091953e-04
       42                      2251   232330.785375    -1397.855792     -2.525958e-03
       43                      2251   232323.071705    -1387.902361     -1.443714e-03
       44                      2251   232315.358035    -1377.948596     -1.562906e-03
       45                      2251   232307.644365    -1367.994498     -6.569443e-04
       46                      2251   232299.930696    -1358.040066      2.570073e-04
       47                      2251   232292.217026    -1348.085301     -7.283930e-04
       48                      2251   232284.503356    -1338.130202     -2.182200e-03
       49                      2251   232276.789687    -1328.174770      6.068324e-04
       50                      2251   232269.076017    -1318.219004      7.237141e-04
       51                      2251   232261.362347    -1308.262904      4.582074e-03
       52                      2251   232253.648678    -1298.306471      1.440586e-03
       53                      2251   232245.935008    -1288.349705      1.401562e-03
       54                      2251   232238.221338    -1278.392604      1.835476e-03
       55                      2251   232230.507668    -1268.435171     -6.322703e-03
       56                      2251   232222.793999    -1258.477404     -4.882284e-03
       57                      2251   232215.080329    -1248.519303      2.158449e-03
       58                      2251   232207.366659    -1238.560869     -9.521983e-04
       59                      2251   232199.652990    -1228.602101      7.241942e-04
       60                      2251   232191.939320    -1218.642999     -1.644960e-03
       61                      2251   232184.225650    -1208.683564     -8.606844e-04
       62                      2251   232176.511981    -1198.723796     -5.172958e-03
       63                      2251   232168.798311    -1188.763694      6.616540e-04
       64                      2251   232161.084641    -1178.803258     -1.484471e-03
       65                      2251   232153.370971    -1168.842489     -2.263025e-03
       66                      2251   232145.657302    -1158.881386     -4.724128e-04
       67                      2251   232137.943632    -1148.919950      2.686984e-03
       68                      2251   232130.229962    -1138.958180      1.789684e-03
       69                      2251   232122.516293    -1128.996077      8.111200e-05
       70                      2251   232114.802623    -1119.033640     -2.537747e-03
       71                      2251   232107.088953    -1109.070870      4.281056e-03
       72                      2251   232099.375283    -1099.107766     -1.479614e-04
       73                      2251   232091.661614    -1089.144328      3.104779e-03
       74                      2251   232083.947944    -1079.180557      2.287261e-03
       75                      2251   232076.234274    -1069.216453     -2.463094e-03
       76                      2251   232068.520605    -1059.252014     -2.136246e-03
       77                      2251   232060.806935    -1049.287243     -1.235263e-03
       78                      2251   232053.093265    -1039.322137      6.478312e-04
       79                      2251   232045.379596    -1029.356699     -1.758363e-03
       80                      2251   232037.665926    -1019.390926      2.398381e-03
       81                      2251   232029.952256    -1009.424820      1.534036e-03
       82                      2251   232022.238586     -999.458381     -7.895319e-04
       83                      2251   232014.524917     -989.491608      2.980003e-04
       84                      2251   232006.811247     -979.524501      7.860150e-04
       85                      2251   231999.097577     -969.557061     -6.311724e-04
       86                      2251   231991.383908     -959.589287     -4.129753e-03
       87                      2251   231983.670238     -949.621180      4.595134e-03
       88                      2251   231975.956568     -939.652739     -1.972877e-04
       89                      2251   231968.242899     -929.683965     -5.894174e-04
       90                      2251   231960.529229     -919.714857     -1.271635e-03
       91                      2251   231952.815559     -909.745415     -6.782055e-04
       92                      2251   231945.101889     -899.775640      1.246636e-03
       93                      2251   231937.388220     -889.805532      4.737005e-04
       94                      2251   231929.674550     -879.835090     -8.843103e-04
       95                      2251   231921.960880     -869.864314      3.844876e-04
       96                      2251   231914.247211     -859.893205     -4.553697e-04
       97                      2251   231906.533541     -849.921762      3.456361e-03
       98                      2251   231898.819871     -839.949986      2.568218e-03
       99                      2251   231891.106202     -829.977876      6.271738e-03
      100                      2251   231883.392532     -820.005432      1.883142e-03
      101                      2251   231875.678862     -810.032655      3.617742e-03
      102                      2251   231867.965192     -800.059545     -1.605535e-03
      103                      2251   231860.251523     -790.086100     -1.359376e-03
      104                      2251   231852.537853     -780.112323      4.026823e-03
      105                      2251   231844.824183     -770.138211     -4.831724e-04
      106                      2251   231837.110514     -760.163767      1.704130e-03
      107                      2251   231829.396844     -750.188988      8.095721e-04
      108                      2251   231821.683174     -740.213876     -2.008928e-03
      109                      2251   231813.969505     -730.238431     -2.376032e-03
      110                      2251   231806.255835     -720.262652      3.756225e-04
      111                      2251   231798.542165     -710.286539      3.248626e-05
      112                      2251   231790.828495     -700.310093     -1.176448e-03
      113                      2251   231783.114826     -690.333313      3.457439e-05
      114                      2251   231775.401156     -680.356200      2.767053e-04
      115                      2251   231767.687486     -670.378753      3.918095e-03
      116                      2251   231759.973817     -660.400973      5.776362e-04
      117                      2251   231752.260147     -650.422859      8.171433e-05
      118                      2251   231744.546477     -640.444411      5.816101e-04
      119                      2251   231736.832808     -630.465630      2.258058e-05
      120                      2251   231729.119138     -620.486515      8.092154e-04
      121                      2251   231721.405468     -610.507067     -4.065261e-04
      122                      2251   231713.691798     -600.527285     -1.501941e-03
      123                      2251   231705.978129     -590.547170      2.222561e-03
      124                      2251   231698.264459     -580.566721     -1.970765e-03
      125                      2251   231690.550789     -570.585939      1.664666e-03
      126                      2251   231682.837120     -560.604823     -1.574876e-03
      127                      2251   231675.123450     -550.623373      6.409871e-04
      128                      2251   231667.409780     -540.641590      6.671474e-04
      129                      2251   231659.696111     -530.659473      8.498991e-04
      130                      2251   231651.982441     -520.677023     -6.656197e-04
      131                      2251   231644.268771     -510.694239      1.234895e-03
      132                      2251   231636.555101     -500.711122     -3.433333e-04
      133                      2251   231628.841432     -490.727671      4.967754e-04
      134                      2251   231621.127762     -480.743887      3.073601e-04
      135                      2251   231613.414092     -470.759769      1.821108e-03
      136                      2251   231605.700423     -460.775317     -8.723133e-04
      137                      2251   231597.986753     -450.790532      2.642993e-03
      138                      2251   231590.273083     -440.805413      1.727097e-03
      139                      2251   231582.559413     -430.819961     -2.870467e-03
      140                      2251   231574.845744     -420.834175     -3.717334e-03
      141                      2251   231567.132074     -410.848055      1.358238e-03
      142                      2251   231559.418404     -400.861602     -2.310781e-03
      143                      2251   231551.704735     -390.874816      2.979748e-03
      144                      2251   231543.991065     -380.887696     -1.159286e-03
      145                      2251   231536.277395     -370.900242      8.037997e-04
      146                      2251   231528.563726     -360.912455     -3.082811e-03
      147                      2251   231520.850056     -350.924334      4.110224e-03
      148                      2251   231513.136386     -340.935880     -1.016579e-05
      149                      2251   231505.422716     -330.947092      3.584801e-03
      150                      2251   231497.709047     -320.957970     -1.295174e-03
      151                      2251   231489.995377     -310.968515      3.065078e-03
      152                      2251   231482.281707     -300.978727     -1.584324e-04
      153                      2251   231474.568038     -290.988604      2.534176e-03
      154                      2251   231466.854368     -280.998149      4.155752e-04
      155                      2251   231459.140698     -271.007359     -4.290076e-03
      156                      2251   231451.427029     -261.016237      1.088350e-03
      157                      2251   231443.713359     -251.024780     -5.561801e-04
      158                      2251   231435.999689     -241.032990     -3.265855e-03
      159                      2251   231428.286019     -231.040867     -1.020255e-03
      160                      2251   231420.572350     -221.048409      2.342179e-03
      161                      2251   231412.858680     -211.055619     -5.708654e-05
      162                      2251   231405.145010     -201.062494     -2.509195e-03
      163                      2251   231397.431341     -191.069037      1.615512e-03
      164                      2251   231389.717671     -181.075245     -1.845815e-03
      165                      2251   231382.004001     -171.081120      5.421525e-03
      166                      2251   231374.290332     -161.086662     -7.315875e-04
      167                      2251   231366.576662     -151.091870      4.162211e-03
      168                      2251   231358.862992     -141.096744      2.291716e-03
      169                      2251   231351.149322     -131.101285      6.707196e-03
      170                      2251   231343.435653     -121.105492      4.114102e-03
      171                      2251   231335.721983     -111.109366      6.261611e-03
      172                      2251   231328.008313     -101.112906      3.455408e-03
      173                      2251   231320.294644      -91.116113      6.582943e-03
      174                      2251   231312.580974      -81.118986      5.627397e-04
      175                      2251   231304.867304      -71.121525      2.779773e-03
      176                      2251   231297.153635      -61.123731      2.162613e-03
      177                      2251   231289.439965      -51.125603      3.033775e-03
      178                      2251   231281.726295      -41.127142      3.759244e-03
      179                      2251   231274.012625      -31.128347      1.186491e-03
      180                      2251   231266.298956      -21.129219      5.644933e-03
      181                      2251   231258.585286      -11.129757      5.929607e-04
      182                      2251   231250.871616       -1.129961     -2.859020e-03
      183                      2251   231243.157947        8.870168      6.199677e-03
      184                      2251   231235.444277       18.870631     -2.036289e-03
      185                      2251   231227.730607       28.871427      3.101881e-03
      186                      2251   231220.016938       38.872557      2.706301e-03
      187                      2251   231212.303268       48.874020      7.184365e-03
      188                      2251   231204.589598       58.875817      4.682512e-03
      189                      2251   231196.875928       68.877947      2.607975e-03
      190                      2251   231189.162259       78.880411      4.226010e-03
      191                      2251   231181.448589       88.883209      5.385757e-03
      192                      2251   231173.734919       98.886340      2.083494e-03
      193                      2251   231166.021250      108.889805     -6.152429e-04
      194                      2251   231158.307580      118.893603      3.236436e-03
      195                      2251   231150.593910      128.897735      6.114056e-03
      196                      2251   231142.880241      138.902200     -1.877425e-03
      197                      2251   231135.166571      148.906999      6.694339e-04
      198                      2251   231127.452901      158.912132      3.839908e-03
      199                      2251   231119.739231      168.917598     -9.525307e-05
      200                      2251   231112.025562      178.923398      3.854824e-03
      201                      2251   231104.311892      188.929531     -2.149788e-03
      202                      2251   231096.598222      198.935998     -1.406982e-03
      203                      2251   231088.884553      208.942798     -7.529786e-04
      204                      2251   231081.170883      218.949932      9.463442e-04
      205                      2251   231073.457213      228.957400     -7.095747e-04
      206                      2251   231065.743543      238.965201      1.261383e-03
      207                      2251   231058.029874      248.973335     -3.657114e-03
      208                      2251   231050.316204      258.981804      6.994643e-04
      209                      2251   231042.602534      268.990605     -2.039949e-03
      210                      2251   231034.888865      278.999741     -1.199930e-03
      211                      2251   231027.175195      289.009209      1.034143e-03
      212                      2251   231019.461525      299.019012      3.257094e-03
      213                      2251   231011.747856      309.029148     -1.830160e-03
      214                      2251   231004.034186      319.039617     -1.963546e-03
      215                      2251   230996.320516      329.050421      4.492358e-04
      216                      2251   230988.606846      339.061557      1.650550e-04
      217                      2251   230980.893177      349.073028     -2.536396e-03
      218                      2251   230973.179507      359.084831      1.720083e-03
      219                      2251   230965.465837      369.096969     -4.075401e-03
      220                      2251   230957.752168      379.109440      9.610908e-04
      221                      2251   230950.038498      389.122244      4.762980e-03
      222                      2251   230942.324828      399.135382     -9.304601e-04
      223                      2251   230934.611159      409.148854     -5.689424e-04
      224                      2251   230926.897489      419.162659     -1.142210e-03
      225                      2251   230919.183819      429.176798      3.306310e-03
      226                      2251   230911.470149      439.191270      1.005438e-03
      227                      2251   230903.756480      449.206076      1.361361e-03
      228                      2251   230896.042810      459.221215     -5.213692e-03
      229                      2251   230888.329140      469.236688     -1.878790e-03
      230                      2251   230880.615471      479.252495     -1.242621e-03
      231                      2251   230872.901801      489.268635     -2.229282e-03
      232                      2251   230865.188131      499.285109     -3.123191e-04
      233                      2251   230857.474462      509.301916     -4.470360e-03
      234                      2251   230849.760792      519.319057      2.141066e-03
      235                      2251   230842.047122      529.336531     -5.382013e-04
      236                      2251   230834.333452      539.354339     -1.450551e-03
      237                      2251   230826.619783      549.372481      3.648633e-04
      238                      2251   230818.906113      559.390956      3.538779e-03
      239                      2251   230811.192443      569.409764     -4.859778e-04
      240                      2251   230803.478774      579.428907      8.715029e-04
      241                      2251   230795.765104      589.448382     -2.493839e-04
      242                      2251   230788.051434      599.468192     -2.055966e-03
