# NGC_3628_H30a.lineimage, box=100,100,270,170, chans=, stokes=
# multiple beams
# Total flux: 0.510324039274 Jy.km/s
# Channel number_of_unmasked_pixels frequency_(MHz) Velocity_(km/s) Flux_density_(Jy)
        0                       130   232654.759502    -1815.598714     -1.004393e-03
        1                       130   232647.045832    -1805.659292      4.155400e-04
        2                       130   232639.332163    -1795.719535     -3.444367e-04
        3                       130   232631.618493    -1785.779446     -8.418468e-05
        4                       130   232623.904823    -1775.839022     -1.828053e-04
        5                       130   232616.191153    -1765.898266      2.841710e-04
        6                       130   232608.477484    -1755.957175      2.847140e-04
        7                       130   232600.763814    -1746.015752     -3.412993e-04
        8                       130   232593.050144    -1736.073994     -8.707392e-05
        9                       130   232585.336475    -1726.131903     -2.557932e-04
       10                       130   232577.622805    -1716.189479      7.276117e-04
       11                       130   232569.909135    -1706.246721      3.260506e-04
       12                       130   232562.195466    -1696.303630      1.073215e-04
       13                       130   232554.481796    -1686.360205      6.464704e-04
       14                       130   232546.768126    -1676.416446     -6.584806e-05
       15                       130   232539.054456    -1666.472354     -8.596310e-04
       16                       130   232531.340787    -1656.527928     -8.287193e-04
       17                       130   232523.627117    -1646.583169      1.190816e-03
       18                       130   232515.913447    -1636.638077     -7.206859e-04
       19                       130   232508.199778    -1626.692651      8.838097e-04
       20                       130   232500.486108    -1616.746891     -1.433278e-03
       21                       130   232492.772438    -1606.800798      1.357886e-03
       22                       130   232485.058769    -1596.854371      1.573359e-05
       23                       130   232477.345099    -1586.907610      1.493318e-03
       24                       130   232469.631429    -1576.960517     -6.516866e-04
       25                       130   232461.917759    -1567.013089     -1.460991e-03
       26                       130   232454.204090    -1557.065328     -9.533293e-04
       27                       130   232446.490420    -1547.117234      6.482189e-04
       28                       130   232438.776750    -1537.168806     -2.810330e-04
       29                       130   232431.063081    -1527.220044      1.585422e-03
       30                       130   232423.349411    -1517.270949     -6.700353e-04
       31                       130   232415.635741    -1507.321520     -5.098521e-04
       32                       130   232407.922072    -1497.371758      4.019061e-04
       33                       130   232400.208402    -1487.421662     -3.494863e-05
       34                       130   232392.494732    -1477.471233     -2.212828e-04
       35                       130   232384.781062    -1467.520470     -2.116002e-04
       36                       130   232377.067393    -1457.569374      3.841845e-04
       37                       130   232369.353723    -1447.617944      5.479826e-04
       38                       130   232361.640053    -1437.666181     -6.733794e-04
       39                       130   232353.926384    -1427.714084      3.374314e-04
       40                       130   232346.212714    -1417.761653     -7.765113e-04
       41                       130   232338.499044    -1407.808889      4.846413e-04
       42                       130   232330.785375    -1397.855792     -1.289942e-03
       43                       130   232323.071705    -1387.902361     -1.122150e-03
       44                       130   232315.358035    -1377.948596      3.701796e-04
       45                       130   232307.644365    -1367.994498      6.956689e-04
       46                       130   232299.930696    -1358.040066      1.274446e-03
       47                       130   232292.217026    -1348.085301     -1.968965e-03
       48                       130   232284.503356    -1338.130202     -1.426070e-03
       49                       130   232276.789687    -1328.174770      3.784203e-04
       50                       130   232269.076017    -1318.219004      4.723519e-04
       51                       130   232261.362347    -1308.262904      1.142682e-04
       52                       130   232253.648678    -1298.306471      1.254438e-03
       53                       130   232245.935008    -1288.349705      1.001292e-04
       54                       130   232238.221338    -1278.392604      9.843666e-05
       55                       130   232230.507668    -1268.435171     -1.894963e-03
       56                       130   232222.793999    -1258.477404      3.114700e-04
       57                       130   232215.080329    -1248.519303      4.020366e-04
       58                       130   232207.366659    -1238.560869      2.004868e-04
       59                       130   232199.652990    -1228.602101      5.273679e-04
       60                       130   232191.939320    -1218.642999     -5.072902e-04
       61                       130   232184.225650    -1208.683564     -2.788676e-04
       62                       130   232176.511981    -1198.723796     -7.004674e-04
       63                       130   232168.798311    -1188.763694     -4.959809e-04
       64                       130   232161.084641    -1178.803258     -2.429673e-04
       65                       130   232153.370971    -1168.842489     -1.526805e-03
       66                       130   232145.657302    -1158.881386     -7.406302e-04
       67                       130   232137.943632    -1148.919950     -1.588427e-03
       68                       130   232130.229962    -1138.958180     -2.935960e-04
       69                       130   232122.516293    -1128.996077     -5.784516e-04
       70                       130   232114.802623    -1119.033640      2.040135e-03
       71                       130   232107.088953    -1109.070870     -6.198096e-05
       72                       130   232099.375283    -1099.107766      2.741725e-04
       73                       130   232091.661614    -1089.144328      1.367963e-03
       74                       130   232083.947944    -1079.180557     -9.083234e-04
       75                       130   232076.234274    -1069.216453     -3.396853e-04
       76                       130   232068.520605    -1059.252014      8.269844e-04
       77                       130   232060.806935    -1049.287243      3.013103e-04
       78                       130   232053.093265    -1039.322137      2.673884e-04
       79                       130   232045.379596    -1029.356699      3.058855e-05
       80                       130   232037.665926    -1019.390926      1.711032e-03
       81                       130   232029.952256    -1009.424820     -1.120330e-03
       82                       130   232022.238586     -999.458381      2.567903e-03
       83                       130   232014.524917     -989.491608      1.602171e-04
       84                       130   232006.811247     -979.524501      3.950769e-05
       85                       130   231999.097577     -969.557061     -6.027234e-04
       86                       130   231991.383908     -959.589287     -7.278901e-04
       87                       130   231983.670238     -949.621180     -5.398803e-05
       88                       130   231975.956568     -939.652739      1.207473e-03
       89                       130   231968.242899     -929.683965      1.613514e-04
       90                       130   231960.529229     -919.714857      8.015824e-04
       91                       130   231952.815559     -909.745415     -6.031937e-04
       92                       130   231945.101889     -899.775640      1.062577e-03
       93                       130   231937.388220     -889.805532      5.408371e-04
       94                       130   231929.674550     -879.835090      2.659055e-04
       95                       130   231921.960880     -869.864314      1.556579e-04
       96                       130   231914.247211     -859.893205     -5.723883e-04
       97                       130   231906.533541     -849.921762      2.507618e-04
       98                       130   231898.819871     -839.949986     -7.506441e-04
       99                       130   231891.106202     -829.977876      7.413028e-05
      100                       130   231883.392532     -820.005432      1.119749e-04
      101                       130   231875.678862     -810.032655      6.467659e-04
      102                       130   231867.965192     -800.059545      2.503847e-04
      103                       130   231860.251523     -790.086100     -9.275402e-04
      104                       130   231852.537853     -780.112323      2.568698e-04
      105                       130   231844.824183     -770.138211      9.749694e-04
      106                       130   231837.110514     -760.163767     -8.844290e-05
      107                       130   231829.396844     -750.188988     -6.134069e-04
      108                       130   231821.683174     -740.213876      1.575112e-04
      109                       130   231813.969505     -730.238431     -6.209472e-04
      110                       130   231806.255835     -720.262652     -3.763576e-04
      111                       130   231798.542165     -710.286539     -3.707021e-04
      112                       130   231790.828495     -700.310093      3.697114e-05
      113                       130   231783.114826     -690.333313     -4.457535e-04
      114                       130   231775.401156     -680.356200     -2.837548e-04
      115                       130   231767.687486     -670.378753      1.154700e-04
      116                       130   231759.973817     -660.400973     -2.639164e-04
      117                       130   231752.260147     -650.422859      3.331760e-04
      118                       130   231744.546477     -640.444411     -7.182559e-05
      119                       130   231736.832808     -630.465630      9.667291e-04
      120                       130   231729.119138     -620.486515     -7.868261e-04
      121                       130   231721.405468     -610.507067      3.542001e-04
      122                       130   231713.691798     -600.527285     -1.135649e-03
      123                       130   231705.978129     -590.547170      1.847394e-04
      124                       130   231698.264459     -580.566721     -1.217185e-03
      125                       130   231690.550789     -570.585939      7.514192e-04
      126                       130   231682.837120     -560.604823     -9.750410e-04
      127                       130   231675.123450     -550.623373      1.016438e-03
      128                       130   231667.409780     -540.641590     -2.128557e-05
      129                       130   231659.696111     -530.659473      9.147330e-04
      130                       130   231651.982441     -520.677023      5.361388e-04
      131                       130   231644.268771     -510.694239      7.464990e-04
      132                       130   231636.555101     -500.711122     -3.575693e-04
      133                       130   231628.841432     -490.727671      4.777920e-04
      134                       130   231621.127762     -480.743887      8.395797e-04
      135                       130   231613.414092     -470.759769     -5.083366e-04
      136                       130   231605.700423     -460.775317     -5.288353e-05
      137                       130   231597.986753     -450.790532      5.098353e-04
      138                       130   231590.273083     -440.805413      1.690694e-04
      139                       130   231582.559413     -430.819961     -2.069143e-04
      140                       130   231574.845744     -420.834175     -3.592181e-04
      141                       130   231567.132074     -410.848055     -1.396210e-04
      142                       130   231559.418404     -400.861602     -1.346936e-03
      143                       130   231551.704735     -390.874816      1.154321e-03
      144                       130   231543.991065     -380.887696      1.284330e-03
      145                       130   231536.277395     -370.900242      3.047304e-04
      146                       130   231528.563726     -360.912455      6.985342e-04
      147                       130   231520.850056     -350.924334      4.973506e-05
      148                       130   231513.136386     -340.935880      1.849679e-04
      149                       130   231505.422716     -330.947092      1.397423e-03
      150                       130   231497.709047     -320.957970     -8.013659e-04
      151                       130   231489.995377     -310.968515      9.720217e-04
      152                       130   231482.281707     -300.978727      6.104804e-04
      153                       130   231474.568038     -290.988604     -8.723877e-04
      154                       130   231466.854368     -280.998149      9.114503e-04
      155                       130   231459.140698     -271.007359     -1.485076e-03
      156                       130   231451.427029     -261.016237      2.916550e-04
      157                       130   231443.713359     -251.024780     -3.906477e-04
      158                       130   231435.999689     -241.032990      1.289249e-04
      159                       130   231428.286019     -231.040867     -3.197076e-04
      160                       130   231420.572350     -221.048409      9.763853e-04
      161                       130   231412.858680     -211.055619      3.997600e-04
      162                       130   231405.145010     -201.062494     -1.700704e-03
      163                       130   231397.431341     -191.069037      4.184466e-04
      164                       130   231389.717671     -181.075245     -7.125891e-05
      165                       130   231382.004001     -171.081120      1.616333e-03
      166                       130   231374.290332     -161.086662     -1.429014e-03
      167                       130   231366.576662     -151.091870      9.750773e-04
      168                       130   231358.862992     -141.096744     -1.416294e-03
      169                       130   231351.149322     -131.101285      5.526536e-04
      170                       130   231343.435653     -121.105492      8.179673e-04
      171                       130   231335.721983     -111.109366      7.154102e-04
      172                       130   231328.008313     -101.112906      9.897220e-04
      173                       130   231320.294644      -91.116113      1.061848e-03
      174                       130   231312.580974      -81.118986      9.755624e-04
      175                       130   231304.867304      -71.121525     -1.768481e-04
      176                       130   231297.153635      -61.123731      2.328603e-04
      177                       130   231289.439965      -51.125603      1.653169e-03
      178                       130   231281.726295      -41.127142      2.053736e-03
      179                       130   231274.012625      -31.128347      5.005680e-04
      180                       130   231266.298956      -21.129219      5.803343e-04
      181                       130   231258.585286      -11.129757      1.595463e-03
      182                       130   231250.871616       -1.129961      8.384359e-04
      183                       130   231243.157947        8.870168      4.154694e-03
      184                       130   231235.444277       18.870631      2.023956e-03
      185                       130   231227.730607       28.871427      2.688150e-03
      186                       130   231220.016938       38.872557      9.245211e-04
      187                       130   231212.303268       48.874020      2.770740e-03
      188                       130   231204.589598       58.875817      2.532146e-03
      189                       130   231196.875928       68.877947      1.952343e-03
      190                       130   231189.162259       78.880411      3.086092e-03
      191                       130   231181.448589       88.883209      2.537445e-03
      192                       130   231173.734919       98.886340      1.189507e-03
      193                       130   231166.021250      108.889805      2.377771e-03
      194                       130   231158.307580      118.893603      1.116668e-03
      195                       130   231150.593910      128.897735      2.245279e-03
      196                       130   231142.880241      138.902200      1.153669e-04
      197                       130   231135.166571      148.906999      2.639950e-03
      198                       130   231127.452901      158.912132      8.475636e-04
      199                       130   231119.739231      168.917598      7.401928e-04
      200                       130   231112.025562      178.923398      1.748208e-03
      201                       130   231104.311892      188.929531      6.853718e-04
      202                       130   231096.598222      198.935998      1.324710e-03
      203                       130   231088.884553      208.942798      5.515616e-05
      204                       130   231081.170883      218.949932      4.455205e-04
      205                       130   231073.457213      228.957400      4.268108e-04
      206                       130   231065.743543      238.965201     -9.898836e-05
      207                       130   231058.029874      248.973335     -2.960943e-04
      208                       130   231050.316204      258.981804     -2.467195e-04
      209                       130   231042.602534      268.990605     -8.959859e-05
      210                       130   231034.888865      278.999741      1.225100e-04
      211                       130   231027.175195      289.009209      6.960021e-05
      212                       130   231019.461525      299.019012      7.403233e-04
      213                       130   231011.747856      309.029148      3.947080e-04
      214                       130   231004.034186      319.039617     -1.477327e-04
      215                       130   230996.320516      329.050421     -5.450795e-04
      216                       130   230988.606846      339.061557     -2.420937e-04
      217                       130   230980.893177      349.073028      7.608355e-05
      218                       130   230973.179507      359.084831      6.338886e-04
      219                       130   230965.465837      369.096969     -8.613082e-04
      220                       130   230957.752168      379.109440      4.305806e-04
      221                       130   230950.038498      389.122244      1.559640e-03
      222                       130   230942.324828      399.135382     -6.495170e-04
      223                       130   230934.611159      409.148854     -7.111746e-04
      224                       130   230926.897489      419.162659     -1.699385e-04
      225                       130   230919.183819      429.176798      2.278038e-04
      226                       130   230911.470149      439.191270      1.232364e-04
      227                       130   230903.756480      449.206076     -1.157773e-04
      228                       130   230896.042810      459.221215     -1.946793e-03
      229                       130   230888.329140      469.236688      1.253094e-04
      230                       130   230880.615471      479.252495      7.889451e-05
      231                       130   230872.901801      489.268635      3.827729e-05
      232                       130   230865.188131      499.285109     -1.893366e-04
      233                       130   230857.474462      509.301916     -6.244648e-04
      234                       130   230849.760792      519.319057      7.285218e-04
      235                       130   230842.047122      529.336531     -5.898975e-05
      236                       130   230834.333452      539.354339      4.801561e-04
      237                       130   230826.619783      549.372481      1.141122e-04
      238                       130   230818.906113      559.390956     -4.293794e-04
      239                       130   230811.192443      569.409764     -1.116552e-03
      240                       130   230803.478774      579.428907      4.044523e-04
      241                       130   230795.765104      589.448382     -3.896304e-04
      242                       130   230788.051434      599.468192      1.335671e-04
