# NGC_3628_H30a.lineimage, box=105,105,290,200, chans=, stokes=
# multiple beams
# Total flux: 1.08578275799 Jy.km/s
# Channel number_of_unmasked_pixels frequency_(MHz) Velocity_(km/s) Flux_density_(Jy)
        0                      8248   232654.759502    -1815.598714     -3.870469e-03
        1                      8248   232647.045832    -1805.659292     -4.599118e-04
        2                      8248   232639.332163    -1795.719535      2.463440e-05
        3                      8248   232631.618493    -1785.779446     -9.438512e-04
        4                      8248   232623.904823    -1775.839022     -4.074814e-04
        5                      8248   232616.191153    -1765.898266     -2.526129e-03
        6                      8248   232608.477484    -1755.957175      3.480482e-03
        7                      8248   232600.763814    -1746.015752      4.629211e-03
        8                      8248   232593.050144    -1736.073994      2.441030e-03
        9                      8248   232585.336475    -1726.131903     -4.407629e-03
       10                      8248   232577.622805    -1716.189479      1.805713e-03
       11                      8248   232569.909135    -1706.246721      2.869136e-03
       12                      8248   232562.195466    -1696.303630     -3.345463e-03
       13                      8248   232554.481796    -1686.360205      2.406113e-03
       14                      8248   232546.768126    -1676.416446     -6.040463e-03
       15                      8248   232539.054456    -1666.472354     -2.289719e-03
       16                      8248   232531.340787    -1656.527928      4.597901e-03
       17                      8248   232523.627117    -1646.583169      3.353716e-03
       18                      8248   232515.913447    -1636.638077      2.101238e-04
       19                      8248   232508.199778    -1626.692651      2.248274e-03
       20                      8248   232500.486108    -1616.746891     -9.957776e-03
       21                      8248   232492.772438    -1606.800798      4.273691e-03
       22                      8248   232485.058769    -1596.854371      4.838904e-03
       23                      8248   232477.345099    -1586.907610     -4.559509e-03
       24                      8248   232469.631429    -1576.960517     -4.220450e-03
       25                      8248   232461.917759    -1567.013089     -2.848931e-03
       26                      8248   232454.204090    -1557.065328      2.039280e-03
       27                      8248   232446.490420    -1547.117234     -2.055492e-03
       28                      8248   232438.776750    -1537.168806     -2.111958e-03
       29                      8248   232431.063081    -1527.220044     -1.569794e-03
       30                      8248   232423.349411    -1517.270949      1.986616e-03
       31                      8248   232415.635741    -1507.321520     -6.283556e-04
       32                      8248   232407.922072    -1497.371758     -1.018885e-02
       33                      8248   232400.208402    -1487.421662      4.845930e-04
       34                      8248   232392.494732    -1477.471233      2.670938e-03
       35                      8248   232384.781062    -1467.520470      2.085600e-03
       36                      8248   232377.067393    -1457.569374      2.117252e-03
       37                      8248   232369.353723    -1447.617944     -4.584388e-03
       38                      8248   232361.640053    -1437.666181     -3.375492e-03
       39                      8248   232353.926384    -1427.714084      6.442500e-04
       40                      8248   232346.212714    -1417.761653     -2.936417e-03
       41                      8248   232338.499044    -1407.808889      4.545057e-03
       42                      8248   232330.785375    -1397.855792      6.831888e-04
       43                      8248   232323.071705    -1387.902361      2.966868e-03
       44                      8248   232315.358035    -1377.948596      2.638635e-03
       45                      8248   232307.644365    -1367.994498      9.534760e-04
       46                      8248   232299.930696    -1358.040066      3.374913e-03
       47                      8248   232292.217026    -1348.085301      1.774578e-04
       48                      8248   232284.503356    -1338.130202     -1.986933e-04
       49                      8248   232276.789687    -1328.174770     -9.283439e-04
       50                      8248   232269.076017    -1318.219004      1.118813e-03
       51                      8248   232261.362347    -1308.262904      1.664832e-03
       52                      8248   232253.648678    -1298.306471      1.916529e-03
       53                      8248   232245.935008    -1288.349705     -7.440504e-04
       54                      8248   232238.221338    -1278.392604     -3.223532e-03
       55                      8248   232230.507668    -1268.435171     -7.456619e-03
       56                      8248   232222.793999    -1258.477404     -2.641160e-03
       57                      8248   232215.080329    -1248.519303      5.616454e-03
       58                      8248   232207.366659    -1238.560869      1.586406e-04
       59                      8248   232199.652990    -1228.602101      1.056758e-03
       60                      8248   232191.939320    -1218.642999      2.703695e-03
       61                      8248   232184.225650    -1208.683564     -5.771294e-04
       62                      8248   232176.511981    -1198.723796     -6.424032e-03
       63                      8248   232168.798311    -1188.763694     -1.042456e-03
       64                      8248   232161.084641    -1178.803258     -3.450223e-05
       65                      8248   232153.370971    -1168.842489     -6.559717e-03
       66                      8248   232145.657302    -1158.881386     -2.988154e-04
       67                      8248   232137.943632    -1148.919950      2.555094e-03
       68                      8248   232130.229962    -1138.958180     -1.357636e-03
       69                      8248   232122.516293    -1128.996077     -2.092231e-03
       70                      8248   232114.802623    -1119.033640     -1.393324e-03
       71                      8248   232107.088953    -1109.070870      2.065660e-03
       72                      8248   232099.375283    -1099.107766     -6.250192e-04
       73                      8248   232091.661614    -1089.144328     -3.973867e-03
       74                      8248   232083.947944    -1079.180557     -6.335652e-04
       75                      8248   232076.234274    -1069.216453     -7.279065e-03
       76                      8248   232068.520605    -1059.252014      1.674335e-03
       77                      8248   232060.806935    -1049.287243      2.323200e-03
       78                      8248   232053.093265    -1039.322137      8.626271e-04
       79                      8248   232045.379596    -1029.356699      4.073571e-03
       80                      8248   232037.665926    -1019.390926     -1.349504e-03
       81                      8248   232029.952256    -1009.424820     -4.370190e-03
       82                      8248   232022.238586     -999.458381      1.826293e-03
       83                      8248   232014.524917     -989.491608      2.410975e-03
       84                      8248   232006.811247     -979.524501     -2.727936e-03
       85                      8248   231999.097577     -969.557061      6.256735e-04
       86                      8248   231991.383908     -959.589287     -2.745798e-03
       87                      8248   231983.670238     -949.621180      9.265292e-03
       88                      8248   231975.956568     -939.652739      3.422809e-03
       89                      8248   231968.242899     -929.683965     -3.253543e-04
       90                      8248   231960.529229     -919.714857      1.857358e-03
       91                      8248   231952.815559     -909.745415     -4.978551e-03
       92                      8248   231945.101889     -899.775640      1.578810e-03
       93                      8248   231937.388220     -889.805532      3.264885e-03
       94                      8248   231929.674550     -879.835090      4.186475e-03
       95                      8248   231921.960880     -869.864314      1.175537e-03
       96                      8248   231914.247211     -859.893205     -2.225450e-03
       97                      8248   231906.533541     -849.921762      1.103588e-03
       98                      8248   231898.819871     -839.949986      4.037229e-04
       99                      8248   231891.106202     -829.977876      4.875418e-03
      100                      8248   231883.392532     -820.005432      7.402961e-03
      101                      8248   231875.678862     -810.032655      2.914464e-03
      102                      8248   231867.965192     -800.059545      5.494504e-04
      103                      8248   231860.251523     -790.086100      8.683939e-04
      104                      8248   231852.537853     -780.112323      5.581554e-03
      105                      8248   231844.824183     -770.138211      4.405886e-04
      106                      8248   231837.110514     -760.163767      2.793851e-03
      107                      8248   231829.396844     -750.188988     -1.760812e-03
      108                      8248   231821.683174     -740.213876     -4.802251e-03
      109                      8248   231813.969505     -730.238431     -1.947624e-03
      110                      8248   231806.255835     -720.262652     -4.217836e-03
      111                      8248   231798.542165     -710.286539     -8.510522e-04
      112                      8248   231790.828495     -700.310093      3.701775e-03
      113                      8248   231783.114826     -690.333313      4.527429e-03
      114                      8248   231775.401156     -680.356200     -3.999594e-05
      115                      8248   231767.687486     -670.378753      5.118459e-03
      116                      8248   231759.973817     -660.400973     -1.774984e-03
      117                      8248   231752.260147     -650.422859     -3.831942e-03
      118                      8248   231744.546477     -640.444411     -1.610397e-04
      119                      8248   231736.832808     -630.465630      3.845799e-04
      120                      8248   231729.119138     -620.486515      8.152954e-03
      121                      8248   231721.405468     -610.507067      2.130642e-04
      122                      8248   231713.691798     -600.527285     -3.223837e-03
      123                      8248   231705.978129     -590.547170      1.869364e-03
      124                      8248   231698.264459     -580.566721     -4.109960e-03
      125                      8248   231690.550789     -570.585939     -3.575024e-04
      126                      8248   231682.837120     -560.604823     -2.135475e-03
      127                      8248   231675.123450     -550.623373     -6.328182e-04
      128                      8248   231667.409780     -540.641590     -6.684435e-04
      129                      8248   231659.696111     -530.659473      2.210486e-03
      130                      8248   231651.982441     -520.677023     -1.760928e-03
      131                      8248   231644.268771     -510.694239      4.535344e-03
      132                      8248   231636.555101     -500.711122      1.651019e-04
      133                      8248   231628.841432     -490.727671      7.584554e-04
      134                      8248   231621.127762     -480.743887      5.922745e-03
      135                      8248   231613.414092     -470.759769      5.115156e-03
      136                      8248   231605.700423     -460.775317     -1.666867e-03
      137                      8248   231597.986753     -450.790532      2.145124e-04
      138                      8248   231590.273083     -440.805413      3.274559e-03
      139                      8248   231582.559413     -430.819961      9.292697e-04
      140                      8248   231574.845744     -420.834175     -3.347652e-03
      141                      8248   231567.132074     -410.848055     -8.090849e-05
      142                      8248   231559.418404     -400.861602     -3.616048e-03
      143                      8248   231551.704735     -390.874816      1.460504e-03
      144                      8248   231543.991065     -380.887696     -1.056401e-03
      145                      8248   231536.277395     -370.900242     -1.030274e-03
      146                      8248   231528.563726     -360.912455     -2.126644e-03
      147                      8248   231520.850056     -350.924334      5.810551e-03
      148                      8248   231513.136386     -340.935880      1.483353e-03
      149                      8248   231505.422716     -330.947092     -4.127218e-03
      150                      8248   231497.709047     -320.957970     -2.304734e-03
      151                      8248   231489.995377     -310.968515      3.481148e-03
      152                      8248   231482.281707     -300.978727     -1.423544e-03
      153                      8248   231474.568038     -290.988604      7.600951e-04
      154                      8248   231466.854368     -280.998149      6.187422e-03
      155                      8248   231459.140698     -271.007359     -4.584249e-03
      156                      8248   231451.427029     -261.016237      2.211702e-03
      157                      8248   231443.713359     -251.024780      3.436340e-03
      158                      8248   231435.999689     -241.032990     -1.390825e-03
      159                      8248   231428.286019     -231.040867      3.388841e-04
      160                      8248   231420.572350     -221.048409      1.490825e-03
      161                      8248   231412.858680     -211.055619     -8.400834e-04
      162                      8248   231405.145010     -201.062494      2.336537e-03
      163                      8248   231397.431341     -191.069037     -4.200972e-03
      164                      8248   231389.717671     -181.075245      5.382582e-03
      165                      8248   231382.004001     -171.081120      7.006841e-03
      166                      8248   231374.290332     -161.086662     -3.279888e-04
      167                      8248   231366.576662     -151.091870      1.364519e-03
      168                      8248   231358.862992     -141.096744      8.225546e-04
      169                      8248   231351.149322     -131.101285      3.834149e-03
      170                      8248   231343.435653     -121.105492      1.320272e-03
      171                      8248   231335.721983     -111.109366      7.123247e-03
      172                      8248   231328.008313     -101.112906      5.669340e-03
      173                      8248   231320.294644      -91.116113      1.407692e-02
      174                      8248   231312.580974      -81.118986      3.136443e-03
      175                      8248   231304.867304      -71.121525      2.110935e-03
      176                      8248   231297.153635      -61.123731      2.086662e-04
      177                      8248   231289.439965      -51.125603      5.687162e-03
      178                      8248   231281.726295      -41.127142      7.712849e-03
      179                      8248   231274.012625      -31.128347      2.127851e-03
      180                      8248   231266.298956      -21.129219      3.069650e-04
      181                      8248   231258.585286      -11.129757      9.831773e-03
      182                      8248   231250.871616       -1.129961     -2.887127e-03
      183                      8248   231243.157947        8.870168      5.402768e-03
      184                      8248   231235.444277       18.870631     -4.364072e-03
      185                      8248   231227.730607       28.871427      3.633197e-03
      186                      8248   231220.016938       38.872557      3.960598e-03
      187                      8248   231212.303268       48.874020      1.049161e-02
      188                      8248   231204.589598       58.875817      4.421106e-03
      189                      8248   231196.875928       68.877947      1.046020e-03
      190                      8248   231189.162259       78.880411      3.940581e-03
      191                      8248   231181.448589       88.883209      7.648672e-03
      192                      8248   231173.734919       98.886340      5.241563e-03
      193                      8248   231166.021250      108.889805     -4.290324e-03
      194                      8248   231158.307580      118.893603      4.766109e-03
      195                      8248   231150.593910      128.897735     -6.465743e-03
      196                      8248   231142.880241      138.902200     -1.683949e-03
      197                      8248   231135.166571      148.906999     -7.072890e-04
      198                      8248   231127.452901      158.912132     -1.643725e-03
      199                      8248   231119.739231      168.917598     -4.490455e-03
      200                      8248   231112.025562      178.923398      2.070450e-03
      201                      8248   231104.311892      188.929531     -7.877138e-03
      202                      8248   231096.598222      198.935998      2.486365e-03
      203                      8248   231088.884553      208.942798      7.243130e-03
      204                      8248   231081.170883      218.949932      9.191546e-04
      205                      8248   231073.457213      228.957400      2.164710e-03
      206                      8248   231065.743543      238.965201     -3.288015e-04
      207                      8248   231058.029874      248.973335     -7.178620e-04
      208                      8248   231050.316204      258.981804     -2.042018e-03
      209                      8248   231042.602534      268.990605     -4.671925e-03
      210                      8248   231034.888865      278.999741     -3.735179e-03
      211                      8248   231027.175195      289.009209      4.934563e-03
      212                      8248   231019.461525      299.019012      3.872596e-03
      213                      8248   231011.747856      309.029148     -1.490976e-03
      214                      8248   231004.034186      319.039617     -3.219944e-03
      215                      8248   230996.320516      329.050421     -8.460608e-04
      216                      8248   230988.606846      339.061557     -3.647291e-03
      217                      8248   230980.893177      349.073028     -2.666517e-03
      218                      8248   230973.179507      359.084831     -1.934593e-03
      219                      8248   230965.465837      369.096969     -3.696765e-04
      220                      8248   230957.752168      379.109440     -5.253229e-04
      221                      8248   230950.038498      389.122244      3.329881e-03
      222                      8248   230942.324828      399.135382     -3.250300e-03
      223                      8248   230934.611159      409.148854      1.078446e-03
      224                      8248   230926.897489      419.162659     -8.841415e-05
      225                      8248   230919.183819      429.176798      2.028766e-03
      226                      8248   230911.470149      439.191270      7.222883e-03
      227                      8248   230903.756480      449.206076     -1.100646e-03
      228                      8248   230896.042810      459.221215     -6.744115e-03
      229                      8248   230888.329140      469.236688      1.873095e-03
      230                      8248   230880.615471      479.252495     -2.750495e-03
      231                      8248   230872.901801      489.268635     -2.573086e-03
      232                      8248   230865.188131      499.285109     -3.566220e-03
      233                      8248   230857.474462      509.301916      2.261467e-03
      234                      8248   230849.760792      519.319057      3.986315e-03
      235                      8248   230842.047122      529.336531     -3.800857e-03
      236                      8248   230834.333452      539.354339     -2.970970e-03
      237                      8248   230826.619783      549.372481     -1.099077e-03
      238                      8248   230818.906113      559.390956      2.839042e-04
      239                      8248   230811.192443      569.409764      9.286898e-04
      240                      8248   230803.478774      579.428907      3.601439e-03
      241                      8248   230795.765104      589.448382      3.282150e-03
      242                      8248   230788.051434      599.468192     -5.727549e-03
