# NGC_3628_H30a.lineimage, box=100,100,270,170, chans=, stokes=
# multiple beams
# Total flux: 0.82025957151 Jy.km/s
# Channel number_of_unmasked_pixels frequency_(MHz) Velocity_(km/s) Flux_density_(Jy)
        0                       773   232654.759502    -1815.598714     -1.324742e-03
        1                       773   232647.045832    -1805.659292     -4.396426e-04
        2                       773   232639.332163    -1795.719535      1.010460e-03
        3                       773   232631.618493    -1785.779446     -9.529490e-04
        4                       773   232623.904823    -1775.839022     -1.216216e-03
        5                       773   232616.191153    -1765.898266      6.507827e-04
        6                       773   232608.477484    -1755.957175      1.978140e-03
        7                       773   232600.763814    -1746.015752     -1.818867e-03
        8                       773   232593.050144    -1736.073994      8.578735e-04
        9                       773   232585.336475    -1726.131903     -6.738051e-05
       10                       773   232577.622805    -1716.189479      1.027926e-04
       11                       773   232569.909135    -1706.246721     -7.388865e-04
       12                       773   232562.195466    -1696.303630     -5.208384e-04
       13                       773   232554.481796    -1686.360205      1.156236e-03
       14                       773   232546.768126    -1676.416446     -6.986927e-04
       15                       773   232539.054456    -1666.472354     -2.555705e-03
       16                       773   232531.340787    -1656.527928      2.333884e-04
       17                       773   232523.627117    -1646.583169      2.700444e-03
       18                       773   232515.913447    -1636.638077     -3.703426e-03
       19                       773   232508.199778    -1626.692651     -1.219251e-03
       20                       773   232500.486108    -1616.746891     -4.066077e-03
       21                       773   232492.772438    -1606.800798      1.731021e-03
       22                       773   232485.058769    -1596.854371      9.719190e-04
       23                       773   232477.345099    -1586.907610      2.360623e-03
       24                       773   232469.631429    -1576.960517     -2.940544e-04
       25                       773   232461.917759    -1567.013089     -2.424616e-04
       26                       773   232454.204090    -1557.065328     -1.942744e-03
       27                       773   232446.490420    -1547.117234     -2.565858e-03
       28                       773   232438.776750    -1537.168806     -1.850456e-03
       29                       773   232431.063081    -1527.220044      3.848918e-03
       30                       773   232423.349411    -1517.270949      3.813432e-05
       31                       773   232415.635741    -1507.321520     -2.417364e-03
       32                       773   232407.922072    -1497.371758     -3.296083e-03
       33                       773   232400.208402    -1487.421662      1.090648e-03
       34                       773   232392.494732    -1477.471233      1.661888e-03
       35                       773   232384.781062    -1467.520470     -1.016385e-03
       36                       773   232377.067393    -1457.569374      1.060456e-05
       37                       773   232369.353723    -1447.617944     -5.881168e-04
       38                       773   232361.640053    -1437.666181     -1.892710e-04
       39                       773   232353.926384    -1427.714084      2.494018e-04
       40                       773   232346.212714    -1417.761653     -3.217599e-03
       41                       773   232338.499044    -1407.808889      7.884217e-04
       42                       773   232330.785375    -1397.855792     -3.471269e-03
       43                       773   232323.071705    -1387.902361     -6.394123e-04
       44                       773   232315.358035    -1377.948596      4.325307e-04
       45                       773   232307.644365    -1367.994498      4.720297e-04
       46                       773   232299.930696    -1358.040066      1.038108e-03
       47                       773   232292.217026    -1348.085301     -5.175892e-04
       48                       773   232284.503356    -1338.130202     -2.441971e-03
       49                       773   232276.789687    -1328.174770      2.832172e-04
       50                       773   232269.076017    -1318.219004     -1.176064e-03
       51                       773   232261.362347    -1308.262904      5.253707e-04
       52                       773   232253.648678    -1298.306471      1.680516e-03
       53                       773   232245.935008    -1288.349705      1.818230e-03
       54                       773   232238.221338    -1278.392604      1.425368e-03
       55                       773   232230.507668    -1268.435171     -5.056081e-03
       56                       773   232222.793999    -1258.477404     -2.396819e-03
       57                       773   232215.080329    -1248.519303      2.229900e-03
       58                       773   232207.366659    -1238.560869     -8.342605e-04
       59                       773   232199.652990    -1228.602101      1.138544e-03
       60                       773   232191.939320    -1218.642999     -1.868634e-03
       61                       773   232184.225650    -1208.683564      5.029095e-04
       62                       773   232176.511981    -1198.723796     -1.053521e-03
       63                       773   232168.798311    -1188.763694      1.482592e-03
       64                       773   232161.084641    -1178.803258     -2.491403e-04
       65                       773   232153.370971    -1168.842489     -2.320057e-03
       66                       773   232145.657302    -1158.881386     -5.288047e-04
       67                       773   232137.943632    -1148.919950     -6.729166e-04
       68                       773   232130.229962    -1138.958180      1.318235e-04
       69                       773   232122.516293    -1128.996077      4.284594e-05
       70                       773   232114.802623    -1119.033640      1.754124e-04
       71                       773   232107.088953    -1109.070870      3.261264e-03
       72                       773   232099.375283    -1099.107766      1.304102e-04
       73                       773   232091.661614    -1089.144328      1.524597e-03
       74                       773   232083.947944    -1079.180557      6.069528e-04
       75                       773   232076.234274    -1069.216453     -8.290344e-04
       76                       773   232068.520605    -1059.252014     -4.082605e-05
       77                       773   232060.806935    -1049.287243      1.316032e-03
       78                       773   232053.093265    -1039.322137     -5.790821e-04
       79                       773   232045.379596    -1029.356699      9.487364e-04
       80                       773   232037.665926    -1019.390926      6.531338e-04
       81                       773   232029.952256    -1009.424820     -5.081039e-04
       82                       773   232022.238586     -999.458381      2.505464e-03
       83                       773   232014.524917     -989.491608      1.011909e-03
       84                       773   232006.811247     -979.524501     -1.274806e-03
       85                       773   231999.097577     -969.557061     -1.386236e-03
       86                       773   231991.383908     -959.589287     -1.759171e-03
       87                       773   231983.670238     -949.621180     -3.549042e-04
       88                       773   231975.956568     -939.652739      3.534454e-05
       89                       773   231968.242899     -929.683965     -1.176400e-04
       90                       773   231960.529229     -919.714857      9.117583e-05
       91                       773   231952.815559     -909.745415     -3.748317e-04
       92                       773   231945.101889     -899.775640      1.310271e-03
       93                       773   231937.388220     -889.805532      4.171650e-04
       94                       773   231929.674550     -879.835090      9.326226e-04
       95                       773   231921.960880     -869.864314      9.525500e-04
       96                       773   231914.247211     -859.893205      5.507108e-04
       97                       773   231906.533541     -849.921762      1.434913e-03
       98                       773   231898.819871     -839.949986      1.451992e-03
       99                       773   231891.106202     -829.977876      4.393144e-03
      100                       773   231883.392532     -820.005432      9.083787e-04
      101                       773   231875.678862     -810.032655      1.280842e-03
      102                       773   231867.965192     -800.059545      8.925843e-04
      103                       773   231860.251523     -790.086100     -1.368466e-03
      104                       773   231852.537853     -780.112323      7.641481e-04
      105                       773   231844.824183     -770.138211      1.389727e-03
      106                       773   231837.110514     -760.163767      1.045575e-03
      107                       773   231829.396844     -750.188988      9.274523e-04
      108                       773   231821.683174     -740.213876      1.072656e-03
      109                       773   231813.969505     -730.238431      9.007356e-04
      110                       773   231806.255835     -720.262652     -7.602055e-04
      111                       773   231798.542165     -710.286539     -6.148210e-04
      112                       773   231790.828495     -700.310093     -1.015101e-03
      113                       773   231783.114826     -690.333313      1.294399e-03
      114                       773   231775.401156     -680.356200     -3.151521e-04
      115                       773   231767.687486     -670.378753      3.657868e-03
      116                       773   231759.973817     -660.400973      8.882323e-04
      117                       773   231752.260147     -650.422859     -6.012891e-04
      118                       773   231744.546477     -640.444411     -6.903192e-04
      119                       773   231736.832808     -630.465630      3.296812e-04
      120                       773   231729.119138     -620.486515     -4.921398e-04
      121                       773   231721.405468     -610.507067     -1.797952e-03
      122                       773   231713.691798     -600.527285     -1.942370e-03
      123                       773   231705.978129     -590.547170      2.232410e-03
      124                       773   231698.264459     -580.566721     -5.963290e-04
      125                       773   231690.550789     -570.585939      8.200750e-04
      126                       773   231682.837120     -560.604823      2.939967e-04
      127                       773   231675.123450     -550.623373      2.128029e-04
      128                       773   231667.409780     -540.641590     -1.763426e-04
      129                       773   231659.696111     -530.659473      1.606426e-03
      130                       773   231651.982441     -520.677023     -2.114027e-04
      131                       773   231644.268771     -510.694239      4.446425e-04
      132                       773   231636.555101     -500.711122     -7.532249e-04
      133                       773   231628.841432     -490.727671      1.001295e-03
      134                       773   231621.127762     -480.743887     -1.707067e-04
      135                       773   231613.414092     -470.759769      2.645109e-03
      136                       773   231605.700423     -460.775317      7.026742e-05
      137                       773   231597.986753     -450.790532      3.299423e-03
      138                       773   231590.273083     -440.805413      7.295588e-04
      139                       773   231582.559413     -430.819961      1.174770e-04
      140                       773   231574.845744     -420.834175     -4.989148e-04
      141                       773   231567.132074     -410.848055     -2.274179e-04
      142                       773   231559.418404     -400.861602     -1.412996e-03
      143                       773   231551.704735     -390.874816      1.650715e-03
      144                       773   231543.991065     -380.887696      8.719318e-04
      145                       773   231536.277395     -370.900242      3.102952e-04
      146                       773   231528.563726     -360.912455      5.482287e-04
      147                       773   231520.850056     -350.924334      4.019235e-03
      148                       773   231513.136386     -340.935880     -1.645537e-04
      149                       773   231505.422716     -330.947092      2.879067e-03
      150                       773   231497.709047     -320.957970      5.862601e-04
      151                       773   231489.995377     -310.968515      1.964012e-03
      152                       773   231482.281707     -300.978727      9.586120e-04
      153                       773   231474.568038     -290.988604     -1.370864e-03
      154                       773   231466.854368     -280.998149     -1.658520e-04
      155                       773   231459.140698     -271.007359     -2.626931e-03
      156                       773   231451.427029     -261.016237     -1.510817e-03
      157                       773   231443.713359     -251.024780      1.193426e-03
      158                       773   231435.999689     -241.032990     -4.429034e-04
      159                       773   231428.286019     -231.040867     -6.138466e-05
      160                       773   231420.572350     -221.048409      6.452890e-04
      161                       773   231412.858680     -211.055619      1.316132e-03
      162                       773   231405.145010     -201.062494     -7.246434e-04
      163                       773   231397.431341     -191.069037      2.458759e-03
      164                       773   231389.717671     -181.075245     -9.679666e-05
      165                       773   231382.004001     -171.081120      3.418819e-03
      166                       773   231374.290332     -161.086662     -4.411971e-05
      167                       773   231366.576662     -151.091870      2.251682e-03
      168                       773   231358.862992     -141.096744     -2.250424e-04
      169                       773   231351.149322     -131.101285      2.114874e-03
      170                       773   231343.435653     -121.105492      4.843178e-03
      171                       773   231335.721983     -111.109366      3.928464e-03
      172                       773   231328.008313     -101.112906      5.842186e-03
      173                       773   231320.294644      -91.116113      4.131393e-03
      174                       773   231312.580974      -81.118986      2.096121e-03
      175                       773   231304.867304      -71.121525      2.726046e-03
      176                       773   231297.153635      -61.123731      2.976716e-03
      177                       773   231289.439965      -51.125603      1.562654e-03
      178                       773   231281.726295      -41.127142      2.153451e-03
      179                       773   231274.012625      -31.128347      1.061459e-03
      180                       773   231266.298956      -21.129219      3.430364e-03
      181                       773   231258.585286      -11.129757     -1.194992e-03
      182                       773   231250.871616       -1.129961     -3.107285e-03
      183                       773   231243.157947        8.870168      6.116127e-03
      184                       773   231235.444277       18.870631     -2.072255e-03
      185                       773   231227.730607       28.871427      2.568086e-03
      186                       773   231220.016938       38.872557     -9.738558e-05
      187                       773   231212.303268       48.874020      1.776135e-03
      188                       773   231204.589598       58.875817      4.687640e-03
      189                       773   231196.875928       68.877947      1.641740e-03
      190                       773   231189.162259       78.880411      2.940381e-03
      191                       773   231181.448589       88.883209      5.185695e-03
      192                       773   231173.734919       98.886340      7.442898e-04
      193                       773   231166.021250      108.889805      1.665514e-03
      194                       773   231158.307580      118.893603      2.310985e-03
      195                       773   231150.593910      128.897735      3.983876e-03
      196                       773   231142.880241      138.902200      9.124398e-04
      197                       773   231135.166571      148.906999      2.137529e-03
      198                       773   231127.452901      158.912132      2.625011e-03
      199                       773   231119.739231      168.917598      5.729077e-04
      200                       773   231112.025562      178.923398      2.136455e-03
      201                       773   231104.311892      188.929531     -1.436616e-03
      202                       773   231096.598222      198.935998      1.312409e-03
      203                       773   231088.884553      208.942798     -4.906532e-04
      204                       773   231081.170883      218.949932      2.928039e-04
      205                       773   231073.457213      228.957400      7.020246e-04
      206                       773   231065.743543      238.965201      3.822749e-04
      207                       773   231058.029874      248.973335     -6.560505e-04
      208                       773   231050.316204      258.981804      1.751916e-04
      209                       773   231042.602534      268.990605     -1.070826e-04
      210                       773   231034.888865      278.999741     -1.822188e-03
      211                       773   231027.175195      289.009209      3.996836e-04
      212                       773   231019.461525      299.019012      2.290622e-03
      213                       773   231011.747856      309.029148      1.473910e-03
      214                       773   231004.034186      319.039617      3.708502e-04
      215                       773   230996.320516      329.050421      3.470799e-04
      216                       773   230988.606846      339.061557     -7.431163e-04
      217                       773   230980.893177      349.073028     -1.626628e-03
      218                       773   230973.179507      359.084831      5.286020e-04
      219                       773   230965.465837      369.096969     -2.997017e-03
      220                       773   230957.752168      379.109440      1.620008e-03
      221                       773   230950.038498      389.122244      2.812360e-03
      222                       773   230942.324828      399.135382     -1.044868e-03
      223                       773   230934.611159      409.148854     -2.491669e-03
      224                       773   230926.897489      419.162659     -9.504587e-04
      225                       773   230919.183819      429.176798     -2.771099e-04
      226                       773   230911.470149      439.191270     -1.666772e-04
      227                       773   230903.756480      449.206076     -1.884161e-04
      228                       773   230896.042810      459.221215     -3.524403e-03
      229                       773   230888.329140      469.236688     -1.971794e-03
      230                       773   230880.615471      479.252495     -5.362973e-04
      231                       773   230872.901801      489.268635     -8.531089e-04
      232                       773   230865.188131      499.285109     -6.519748e-04
      233                       773   230857.474462      509.301916     -3.477024e-03
      234                       773   230849.760792      519.319057      1.222954e-03
      235                       773   230842.047122      529.336531      1.613656e-04
      236                       773   230834.333452      539.354339     -2.312158e-03
      237                       773   230826.619783      549.372481      8.263490e-04
      238                       773   230818.906113      559.390956      5.879446e-04
      239                       773   230811.192443      569.409764     -2.374443e-03
      240                       773   230803.478774      579.428907      1.329135e-03
      241                       773   230795.765104      589.448382      8.396780e-04
      242                       773   230788.051434      599.468192     -1.127910e-03
