# NGC_3628_H30a.lineimage, box=100,100,270,170, chans=, stokes=
# multiple beams
# Total flux: 0.870628483105 Jy.km/s
# Channel number_of_unmasked_pixels frequency_(MHz) Velocity_(km/s) Flux_density_(Jy)
        0                      1508   232654.759502    -1815.598714     -9.149207e-04
        1                      1508   232647.045832    -1805.659292     -9.968472e-04
        2                      1508   232639.332163    -1795.719535      3.633236e-03
        3                      1508   232631.618493    -1785.779446      2.003815e-04
        4                      1508   232623.904823    -1775.839022     -3.009064e-03
        5                      1508   232616.191153    -1765.898266      2.308455e-03
        6                      1508   232608.477484    -1755.957175      2.812965e-03
        7                      1508   232600.763814    -1746.015752     -2.791227e-03
        8                      1508   232593.050144    -1736.073994      3.813633e-03
        9                      1508   232585.336475    -1726.131903     -1.651656e-03
       10                      1508   232577.622805    -1716.189479      9.332402e-04
       11                      1508   232569.909135    -1706.246721      6.387642e-04
       12                      1508   232562.195466    -1696.303630     -7.218136e-04
       13                      1508   232554.481796    -1686.360205      1.181630e-03
       14                      1508   232546.768126    -1676.416446      4.119141e-04
       15                      1508   232539.054456    -1666.472354     -1.679347e-03
       16                      1508   232531.340787    -1656.527928     -1.727947e-03
       17                      1508   232523.627117    -1646.583169      2.964434e-03
       18                      1508   232515.913447    -1636.638077     -4.682329e-03
       19                      1508   232508.199778    -1626.692651     -2.545924e-03
       20                      1508   232500.486108    -1616.746891     -3.090295e-03
       21                      1508   232492.772438    -1606.800798      7.945089e-04
       22                      1508   232485.058769    -1596.854371     -6.839025e-05
       23                      1508   232477.345099    -1586.907610      2.305745e-03
       24                      1508   232469.631429    -1576.960517     -3.958588e-04
       25                      1508   232461.917759    -1567.013089      1.563328e-03
       26                      1508   232454.204090    -1557.065328     -2.829907e-03
       27                      1508   232446.490420    -1547.117234     -2.374354e-03
       28                      1508   232438.776750    -1537.168806     -3.072326e-03
       29                      1508   232431.063081    -1527.220044      1.752812e-03
       30                      1508   232423.349411    -1517.270949      7.828598e-04
       31                      1508   232415.635741    -1507.321520     -1.574379e-03
       32                      1508   232407.922072    -1497.371758     -3.537184e-04
       33                      1508   232400.208402    -1487.421662     -6.259598e-04
       34                      1508   232392.494732    -1477.471233      3.633434e-03
       35                      1508   232384.781062    -1467.520470      3.043170e-04
       36                      1508   232377.067393    -1457.569374      8.406541e-04
       37                      1508   232369.353723    -1447.617944     -1.207511e-03
       38                      1508   232361.640053    -1437.666181      5.438253e-04
       39                      1508   232353.926384    -1427.714084      1.949034e-03
       40                      1508   232346.212714    -1417.761653     -1.302918e-03
       41                      1508   232338.499044    -1407.808889      1.240250e-03
       42                      1508   232330.785375    -1397.855792     -3.406970e-03
       43                      1508   232323.071705    -1387.902361     -2.112308e-03
       44                      1508   232315.358035    -1377.948596     -8.235856e-04
       45                      1508   232307.644365    -1367.994498      5.926583e-04
       46                      1508   232299.930696    -1358.040066      4.767909e-04
       47                      1508   232292.217026    -1348.085301     -1.482883e-03
       48                      1508   232284.503356    -1338.130202     -3.149813e-03
       49                      1508   232276.789687    -1328.174770      6.617299e-04
       50                      1508   232269.076017    -1318.219004     -3.954702e-04
       51                      1508   232261.362347    -1308.262904      2.287345e-03
       52                      1508   232253.648678    -1298.306471      3.160461e-03
       53                      1508   232245.935008    -1288.349705      9.722146e-04
       54                      1508   232238.221338    -1278.392604      1.867019e-03
       55                      1508   232230.507668    -1268.435171     -6.466202e-03
       56                      1508   232222.793999    -1258.477404     -3.560729e-03
       57                      1508   232215.080329    -1248.519303      1.366592e-03
       58                      1508   232207.366659    -1238.560869     -1.753925e-03
       59                      1508   232199.652990    -1228.602101     -1.772466e-04
       60                      1508   232191.939320    -1218.642999     -1.953875e-03
       61                      1508   232184.225650    -1208.683564      1.690403e-04
       62                      1508   232176.511981    -1198.723796     -3.366949e-03
       63                      1508   232168.798311    -1188.763694     -9.943672e-05
       64                      1508   232161.084641    -1178.803258     -9.263973e-04
       65                      1508   232153.370971    -1168.842489     -5.245985e-04
       66                      1508   232145.657302    -1158.881386      1.664495e-04
       67                      1508   232137.943632    -1148.919950      1.638016e-03
       68                      1508   232130.229962    -1138.958180      1.550068e-03
       69                      1508   232122.516293    -1128.996077     -5.385527e-05
       70                      1508   232114.802623    -1119.033640     -1.432580e-03
       71                      1508   232107.088953    -1109.070870      4.815385e-03
       72                      1508   232099.375283    -1099.107766     -1.524195e-04
       73                      1508   232091.661614    -1089.144328      1.978482e-03
       74                      1508   232083.947944    -1079.180557      1.095050e-03
       75                      1508   232076.234274    -1069.216453     -3.307558e-04
       76                      1508   232068.520605    -1059.252014     -2.570580e-03
       77                      1508   232060.806935    -1049.287243      5.224220e-04
       78                      1508   232053.093265    -1039.322137      9.923449e-04
       79                      1508   232045.379596    -1029.356699     -5.692156e-04
       80                      1508   232037.665926    -1019.390926      4.679456e-04
       81                      1508   232029.952256    -1009.424820      7.252556e-04
       82                      1508   232022.238586     -999.458381     -1.374202e-04
       83                      1508   232014.524917     -989.491608      2.066506e-03
       84                      1508   232006.811247     -979.524501     -1.016775e-03
       85                      1508   231999.097577     -969.557061     -3.103545e-04
       86                      1508   231991.383908     -959.589287     -3.390641e-03
       87                      1508   231983.670238     -949.621180      2.588381e-03
       88                      1508   231975.956568     -939.652739      4.069704e-04
       89                      1508   231968.242899     -929.683965     -2.817774e-04
       90                      1508   231960.529229     -919.714857      3.391475e-04
       91                      1508   231952.815559     -909.745415     -7.631587e-04
       92                      1508   231945.101889     -899.775640      1.791184e-03
       93                      1508   231937.388220     -889.805532     -4.841728e-04
       94                      1508   231929.674550     -879.835090     -7.833073e-04
       95                      1508   231921.960880     -869.864314      1.197387e-03
       96                      1508   231914.247211     -859.893205      1.854253e-04
       97                      1508   231906.533541     -849.921762      1.515051e-03
       98                      1508   231898.819871     -839.949986      1.921335e-03
       99                      1508   231891.106202     -829.977876      4.860840e-03
      100                      1508   231883.392532     -820.005432      1.014079e-03
      101                      1508   231875.678862     -810.032655      1.305558e-03
      102                      1508   231867.965192     -800.059545     -8.834186e-04
      103                      1508   231860.251523     -790.086100     -1.553977e-03
      104                      1508   231852.537853     -780.112323      1.357416e-03
      105                      1508   231844.824183     -770.138211     -1.500213e-04
      106                      1508   231837.110514     -760.163767      9.189840e-04
      107                      1508   231829.396844     -750.188988      3.748094e-04
      108                      1508   231821.683174     -740.213876     -8.555551e-04
      109                      1508   231813.969505     -730.238431     -1.376733e-03
      110                      1508   231806.255835     -720.262652      6.839575e-04
      111                      1508   231798.542165     -710.286539     -1.308009e-03
      112                      1508   231790.828495     -700.310093     -1.607980e-03
      113                      1508   231783.114826     -690.333313      1.581758e-03
      114                      1508   231775.401156     -680.356200     -1.179103e-03
      115                      1508   231767.687486     -670.378753      3.382477e-03
      116                      1508   231759.973817     -660.400973      1.589453e-03
      117                      1508   231752.260147     -650.422859      7.806587e-04
      118                      1508   231744.546477     -640.444411      5.787450e-04
      119                      1508   231736.832808     -630.465630     -7.752430e-05
      120                      1508   231729.119138     -620.486515      6.757848e-04
      121                      1508   231721.405468     -610.507067     -2.131354e-03
      122                      1508   231713.691798     -600.527285     -1.995107e-03
      123                      1508   231705.978129     -590.547170      2.017864e-03
      124                      1508   231698.264459     -580.566721     -1.634973e-03
      125                      1508   231690.550789     -570.585939      1.557203e-03
      126                      1508   231682.837120     -560.604823     -2.487293e-04
      127                      1508   231675.123450     -550.623373      5.372433e-04
      128                      1508   231667.409780     -540.641590     -3.541668e-04
      129                      1508   231659.696111     -530.659473      1.457109e-03
      130                      1508   231651.982441     -520.677023     -1.854432e-03
      131                      1508   231644.268771     -510.694239      1.958875e-03
      132                      1508   231636.555101     -500.711122     -5.971037e-04
      133                      1508   231628.841432     -490.727671      7.285955e-04
      134                      1508   231621.127762     -480.743887     -9.586944e-05
      135                      1508   231613.414092     -470.759769      2.121165e-03
      136                      1508   231605.700423     -460.775317     -4.421312e-04
      137                      1508   231597.986753     -450.790532      4.500065e-03
      138                      1508   231590.273083     -440.805413      1.550716e-03
      139                      1508   231582.559413     -430.819961     -1.041414e-03
      140                      1508   231574.845744     -420.834175     -3.293965e-03
      141                      1508   231567.132074     -410.848055     -1.270006e-04
      142                      1508   231559.418404     -400.861602     -2.097204e-03
      143                      1508   231551.704735     -390.874816      2.350986e-03
      144                      1508   231543.991065     -380.887696     -1.960200e-03
      145                      1508   231536.277395     -370.900242      7.264887e-04
      146                      1508   231528.563726     -360.912455     -1.065034e-03
      147                      1508   231520.850056     -350.924334      3.370409e-03
      148                      1508   231513.136386     -340.935880     -1.382087e-04
      149                      1508   231505.422716     -330.947092      3.527791e-03
      150                      1508   231497.709047     -320.957970      2.572812e-05
      151                      1508   231489.995377     -310.968515      4.181833e-03
      152                      1508   231482.281707     -300.978727      5.429536e-04
      153                      1508   231474.568038     -290.988604      7.701850e-04
      154                      1508   231466.854368     -280.998149     -1.247112e-03
      155                      1508   231459.140698     -271.007359     -3.595733e-03
      156                      1508   231451.427029     -261.016237      2.122052e-04
      157                      1508   231443.713359     -251.024780      8.691827e-04
      158                      1508   231435.999689     -241.032990     -2.476884e-03
      159                      1508   231428.286019     -231.040867      9.627418e-04
      160                      1508   231420.572350     -221.048409      7.450486e-04
      161                      1508   231412.858680     -211.055619      1.242614e-03
      162                      1508   231405.145010     -201.062494     -3.662325e-05
      163                      1508   231397.431341     -191.069037      2.081327e-03
      164                      1508   231389.717671     -181.075245     -1.323254e-03
      165                      1508   231382.004001     -171.081120      4.043046e-03
      166                      1508   231374.290332     -161.086662     -3.900547e-04
      167                      1508   231366.576662     -151.091870      2.883654e-03
      168                      1508   231358.862992     -141.096744      1.269493e-03
      169                      1508   231351.149322     -131.101285      4.804793e-03
      170                      1508   231343.435653     -121.105492      4.651687e-03
      171                      1508   231335.721983     -111.109366      3.634032e-03
      172                      1508   231328.008313     -101.112906      4.090529e-03
      173                      1508   231320.294644      -91.116113      4.958989e-03
      174                      1508   231312.580974      -81.118986      2.450418e-03
      175                      1508   231304.867304      -71.121525      1.337251e-03
      176                      1508   231297.153635      -61.123731      2.524394e-03
      177                      1508   231289.439965      -51.125603      3.397344e-03
      178                      1508   231281.726295      -41.127142      3.558728e-03
      179                      1508   231274.012625      -31.128347      2.432154e-03
      180                      1508   231266.298956      -21.129219      5.737471e-03
      181                      1508   231258.585286      -11.129757     -2.874160e-03
      182                      1508   231250.871616       -1.129961     -4.037142e-03
      183                      1508   231243.157947        8.870168      6.824215e-03
      184                      1508   231235.444277       18.870631     -3.802291e-03
      185                      1508   231227.730607       28.871427      2.055992e-03
      186                      1508   231220.016938       38.872557      1.096450e-03
      187                      1508   231212.303268       48.874020      4.511335e-03
      188                      1508   231204.589598       58.875817      5.185311e-03
      189                      1508   231196.875928       68.877947      2.029130e-03
      190                      1508   231189.162259       78.880411      3.514100e-03
      191                      1508   231181.448589       88.883209      5.116308e-03
      192                      1508   231173.734919       98.886340      1.104453e-03
      193                      1508   231166.021250      108.889805      1.973869e-03
      194                      1508   231158.307580      118.893603      1.157770e-03
      195                      1508   231150.593910      128.897735      6.141908e-03
      196                      1508   231142.880241      138.902200      3.805824e-06
      197                      1508   231135.166571      148.906999      1.806258e-03
      198                      1508   231127.452901      158.912132      2.136150e-03
      199                      1508   231119.739231      168.917598     -1.023601e-05
      200                      1508   231112.025562      178.923398      3.544420e-03
      201                      1508   231104.311892      188.929531     -2.708785e-03
      202                      1508   231096.598222      198.935998     -1.233931e-03
      203                      1508   231088.884553      208.942798     -3.655990e-04
      204                      1508   231081.170883      218.949932     -6.823467e-06
      205                      1508   231073.457213      228.957400     -3.872208e-05
      206                      1508   231065.743543      238.965201      1.640775e-03
      207                      1508   231058.029874      248.973335     -2.702273e-03
      208                      1508   231050.316204      258.981804     -2.034781e-04
      209                      1508   231042.602534      268.990605     -7.216661e-04
      210                      1508   231034.888865      278.999741     -1.555949e-03
      211                      1508   231027.175195      289.009209      1.003905e-03
      212                      1508   231019.461525      299.019012      3.645985e-03
      213                      1508   231011.747856      309.029148      3.806971e-05
      214                      1508   231004.034186      319.039617     -1.403304e-03
      215                      1508   230996.320516      329.050421      2.920722e-04
      216                      1508   230988.606846      339.061557     -1.008126e-03
      217                      1508   230980.893177      349.073028     -1.624106e-03
      218                      1508   230973.179507      359.084831      4.719216e-04
      219                      1508   230965.465837      369.096969     -2.144196e-03
      220                      1508   230957.752168      379.109440      1.022536e-03
      221                      1508   230950.038498      389.122244      2.736808e-03
      222                      1508   230942.324828      399.135382      1.463838e-04
      223                      1508   230934.611159      409.148854     -2.046785e-03
      224                      1508   230926.897489      419.162659     -1.039761e-03
      225                      1508   230919.183819      429.176798      3.189129e-03
      226                      1508   230911.470149      439.191270      5.580630e-05
      227                      1508   230903.756480      449.206076      6.428004e-04
      228                      1508   230896.042810      459.221215     -4.781965e-03
      229                      1508   230888.329140      469.236688     -1.336887e-03
      230                      1508   230880.615471      479.252495     -1.684580e-03
      231                      1508   230872.901801      489.268635     -1.632532e-03
      232                      1508   230865.188131      499.285109     -8.068549e-04
      233                      1508   230857.474462      509.301916     -2.650064e-03
      234                      1508   230849.760792      519.319057      2.568932e-03
      235                      1508   230842.047122      529.336531      9.049708e-04
      236                      1508   230834.333452      539.354339     -1.670343e-03
      237                      1508   230826.619783      549.372481      1.100219e-03
      238                      1508   230818.906113      559.390956      1.933377e-03
      239                      1508   230811.192443      569.409764     -1.972360e-03
      240                      1508   230803.478774      579.428907      7.845273e-04
      241                      1508   230795.765104      589.448382     -7.236167e-04
      242                      1508   230788.051434      599.468192     -3.346834e-04
