# NGC_3628_H30a.lineimage, box=105,105,290,200, chans=, stokes=
# multiple beams
# Total flux: 0.965991868045 Jy.km/s
# Channel number_of_unmasked_pixels frequency_(MHz) Velocity_(km/s) Flux_density_(Jy)
        0                      5628   232654.759502    -1815.598714     -4.951355e-03
        1                      5628   232647.045832    -1805.659292     -2.737659e-03
        2                      5628   232639.332163    -1795.719535      3.160738e-03
        3                      5628   232631.618493    -1785.779446      2.294353e-03
        4                      5628   232623.904823    -1775.839022     -3.399807e-03
        5                      5628   232616.191153    -1765.898266      1.556365e-03
        6                      5628   232608.477484    -1755.957175      6.359038e-03
        7                      5628   232600.763814    -1746.015752      1.285025e-03
        8                      5628   232593.050144    -1736.073994      2.107759e-03
        9                      5628   232585.336475    -1726.131903     -2.654852e-03
       10                      5628   232577.622805    -1716.189479      1.833406e-03
       11                      5628   232569.909135    -1706.246721      2.365791e-03
       12                      5628   232562.195466    -1696.303630     -1.825039e-03
       13                      5628   232554.481796    -1686.360205      4.451522e-04
       14                      5628   232546.768126    -1676.416446     -5.120324e-03
       15                      5628   232539.054456    -1666.472354     -3.866964e-03
       16                      5628   232531.340787    -1656.527928      5.161557e-03
       17                      5628   232523.627117    -1646.583169      7.778262e-03
       18                      5628   232515.913447    -1636.638077     -2.603644e-03
       19                      5628   232508.199778    -1626.692651      1.037449e-03
       20                      5628   232500.486108    -1616.746891     -6.582403e-03
       21                      5628   232492.772438    -1606.800798      4.465920e-03
       22                      5628   232485.058769    -1596.854371      2.757863e-03
       23                      5628   232477.345099    -1586.907610     -4.370120e-03
       24                      5628   232469.631429    -1576.960517     -9.368021e-04
       25                      5628   232461.917759    -1567.013089      2.106868e-03
       26                      5628   232454.204090    -1557.065328     -1.227251e-03
       27                      5628   232446.490420    -1547.117234     -2.366774e-03
       28                      5628   232438.776750    -1537.168806     -1.792052e-03
       29                      5628   232431.063081    -1527.220044     -3.136339e-03
       30                      5628   232423.349411    -1517.270949      6.295270e-05
       31                      5628   232415.635741    -1507.321520      1.823304e-03
       32                      5628   232407.922072    -1497.371758     -5.623240e-03
       33                      5628   232400.208402    -1487.421662     -8.061460e-04
       34                      5628   232392.494732    -1477.471233      5.810813e-03
       35                      5628   232384.781062    -1467.520470      1.602893e-03
       36                      5628   232377.067393    -1457.569374     -7.824096e-05
       37                      5628   232369.353723    -1447.617944     -5.961171e-03
       38                      5628   232361.640053    -1437.666181      1.008558e-03
       39                      5628   232353.926384    -1427.714084      1.004626e-03
       40                      5628   232346.212714    -1417.761653     -2.629970e-03
       41                      5628   232338.499044    -1407.808889      2.501074e-04
       42                      5628   232330.785375    -1397.855792      1.572360e-03
       43                      5628   232323.071705    -1387.902361     -2.169763e-05
       44                      5628   232315.358035    -1377.948596     -3.953744e-04
       45                      5628   232307.644365    -1367.994498      4.800507e-03
       46                      5628   232299.930696    -1358.040066      2.963682e-03
       47                      5628   232292.217026    -1348.085301     -7.878784e-04
       48                      5628   232284.503356    -1338.130202     -5.302181e-03
       49                      5628   232276.789687    -1328.174770     -1.915726e-03
       50                      5628   232269.076017    -1318.219004     -3.352268e-04
       51                      5628   232261.362347    -1308.262904      5.120057e-03
       52                      5628   232253.648678    -1298.306471      2.972168e-03
       53                      5628   232245.935008    -1288.349705      9.748914e-04
       54                      5628   232238.221338    -1278.392604      4.973738e-04
       55                      5628   232230.507668    -1268.435171     -7.093807e-03
       56                      5628   232222.793999    -1258.477404     -5.438330e-03
       57                      5628   232215.080329    -1248.519303      2.003945e-03
       58                      5628   232207.366659    -1238.560869     -4.884294e-04
       59                      5628   232199.652990    -1228.602101      7.368389e-04
       60                      5628   232191.939320    -1218.642999      7.848145e-04
       61                      5628   232184.225650    -1208.683564     -2.280235e-04
       62                      5628   232176.511981    -1198.723796     -8.101162e-03
       63                      5628   232168.798311    -1188.763694      3.852226e-04
       64                      5628   232161.084641    -1178.803258     -1.989527e-03
       65                      5628   232153.370971    -1168.842489     -1.789495e-03
       66                      5628   232145.657302    -1158.881386     -3.851348e-03
       67                      5628   232137.943632    -1148.919950     -5.359562e-04
       68                      5628   232130.229962    -1138.958180     -2.314814e-03
       69                      5628   232122.516293    -1128.996077      1.092729e-03
       70                      5628   232114.802623    -1119.033640     -1.761670e-03
       71                      5628   232107.088953    -1109.070870      8.008829e-03
       72                      5628   232099.375283    -1099.107766      1.311496e-04
       73                      5628   232091.661614    -1089.144328      2.830769e-03
       74                      5628   232083.947944    -1079.180557     -2.149707e-03
       75                      5628   232076.234274    -1069.216453     -3.434879e-03
       76                      5628   232068.520605    -1059.252014     -2.687672e-03
       77                      5628   232060.806935    -1049.287243      2.019252e-03
       78                      5628   232053.093265    -1039.322137     -1.140443e-03
       79                      5628   232045.379596    -1029.356699      4.084607e-04
       80                      5628   232037.665926    -1019.390926     -4.204260e-03
       81                      5628   232029.952256    -1009.424820     -3.830928e-03
       82                      5628   232022.238586     -999.458381     -3.100946e-03
       83                      5628   232014.524917     -989.491608      5.910655e-03
       84                      5628   232006.811247     -979.524501      3.635602e-03
       85                      5628   231999.097577     -969.557061      1.963231e-03
       86                      5628   231991.383908     -959.589287     -4.246095e-03
       87                      5628   231983.670238     -949.621180      7.856200e-03
       88                      5628   231975.956568     -939.652739     -2.223225e-03
       89                      5628   231968.242899     -929.683965      4.223957e-04
       90                      5628   231960.529229     -919.714857     -1.239222e-04
       91                      5628   231952.815559     -909.745415      1.218910e-04
       92                      5628   231945.101889     -899.775640     -8.729972e-04
       93                      5628   231937.388220     -889.805532      1.179720e-03
       94                      5628   231929.674550     -879.835090     -3.484584e-04
       95                      5628   231921.960880     -869.864314     -1.651702e-03
       96                      5628   231914.247211     -859.893205     -2.881541e-03
       97                      5628   231906.533541     -849.921762      3.240406e-03
       98                      5628   231898.819871     -839.949986      6.995487e-03
       99                      5628   231891.106202     -829.977876      8.514266e-03
      100                      5628   231883.392532     -820.005432      1.701108e-03
      101                      5628   231875.678862     -810.032655      3.350180e-03
      102                      5628   231867.965192     -800.059545      3.419867e-03
      103                      5628   231860.251523     -790.086100      3.164972e-04
      104                      5628   231852.537853     -780.112323      3.575719e-03
      105                      5628   231844.824183     -770.138211     -1.376431e-03
      106                      5628   231837.110514     -760.163767      2.958618e-03
      107                      5628   231829.396844     -750.188988     -8.194458e-04
      108                      5628   231821.683174     -740.213876     -4.579340e-03
      109                      5628   231813.969505     -730.238431     -1.240681e-03
      110                      5628   231806.255835     -720.262652     -2.367773e-03
      111                      5628   231798.542165     -710.286539     -7.963026e-04
      112                      5628   231790.828495     -700.310093     -2.424279e-03
      113                      5628   231783.114826     -690.333313      5.001063e-04
      114                      5628   231775.401156     -680.356200      1.611878e-03
      115                      5628   231767.687486     -670.378753      4.512434e-03
      116                      5628   231759.973817     -660.400973      1.515207e-04
      117                      5628   231752.260147     -650.422859     -4.575933e-03
      118                      5628   231744.546477     -640.444411     -1.756811e-03
      119                      5628   231736.832808     -630.465630      2.011398e-03
      120                      5628   231729.119138     -620.486515      8.402776e-03
      121                      5628   231721.405468     -610.507067     -3.550620e-04
      122                      5628   231713.691798     -600.527285     -2.330452e-03
      123                      5628   231705.978129     -590.547170      2.089280e-04
      124                      5628   231698.264459     -580.566721     -1.193293e-03
      125                      5628   231690.550789     -570.585939     -1.582866e-04
      126                      5628   231682.837120     -560.604823     -1.110415e-03
      127                      5628   231675.123450     -550.623373      1.466475e-03
      128                      5628   231667.409780     -540.641590     -1.317914e-03
      129                      5628   231659.696111     -530.659473      1.866666e-04
      130                      5628   231651.982441     -520.677023     -1.232290e-03
      131                      5628   231644.268771     -510.694239      6.110197e-03
      132                      5628   231636.555101     -500.711122     -5.463239e-04
      133                      5628   231628.841432     -490.727671      2.380264e-03
      134                      5628   231621.127762     -480.743887      2.674289e-03
      135                      5628   231613.414092     -470.759769      2.863586e-03
      136                      5628   231605.700423     -460.775317      6.009335e-04
      137                      5628   231597.986753     -450.790532      6.683709e-04
      138                      5628   231590.273083     -440.805413      1.733741e-03
      139                      5628   231582.559413     -430.819961     -1.703118e-03
      140                      5628   231574.845744     -420.834175     -3.629101e-03
      141                      5628   231567.132074     -410.848055     -5.598888e-04
      142                      5628   231559.418404     -400.861602     -8.155831e-04
      143                      5628   231551.704735     -390.874816      1.428569e-03
      144                      5628   231543.991065     -380.887696     -5.012288e-03
      145                      5628   231536.277395     -370.900242      1.079956e-04
      146                      5628   231528.563726     -360.912455     -6.430050e-03
      147                      5628   231520.850056     -350.924334      6.327693e-03
      148                      5628   231513.136386     -340.935880      8.833261e-04
      149                      5628   231505.422716     -330.947092      2.804038e-04
      150                      5628   231497.709047     -320.957970     -2.707900e-03
      151                      5628   231489.995377     -310.968515      1.513472e-04
      152                      5628   231482.281707     -300.978727     -4.448066e-03
      153                      5628   231474.568038     -290.988604     -2.032884e-03
      154                      5628   231466.854368     -280.998149      4.267604e-03
      155                      5628   231459.140698     -271.007359     -6.415589e-03
      156                      5628   231451.427029     -261.016237      5.152656e-04
      157                      5628   231443.713359     -251.024780      1.071173e-03
      158                      5628   231435.999689     -241.032990     -2.140342e-03
      159                      5628   231428.286019     -231.040867     -3.241606e-05
      160                      5628   231420.572350     -221.048409      1.260674e-03
      161                      5628   231412.858680     -211.055619     -5.827997e-04
      162                      5628   231405.145010     -201.062494     -1.996435e-03
      163                      5628   231397.431341     -191.069037     -4.796828e-03
      164                      5628   231389.717671     -181.075245      1.817229e-03
      165                      5628   231382.004001     -171.081120      9.951014e-03
      166                      5628   231374.290332     -161.086662     -4.420149e-03
      167                      5628   231366.576662     -151.091870      1.219511e-03
      168                      5628   231358.862992     -141.096744      1.163084e-03
      169                      5628   231351.149322     -131.101285      5.594222e-03
      170                      5628   231343.435653     -121.105492     -4.855510e-04
      171                      5628   231335.721983     -111.109366      3.754426e-03
      172                      5628   231328.008313     -101.112906      5.992287e-03
      173                      5628   231320.294644      -91.116113      1.017165e-02
      174                      5628   231312.580974      -81.118986      7.948585e-03
      175                      5628   231304.867304      -71.121525      4.348700e-03
      176                      5628   231297.153635      -61.123731      9.301116e-04
      177                      5628   231289.439965      -51.125603      1.985684e-03
      178                      5628   231281.726295      -41.127142      8.528296e-03
      179                      5628   231274.012625      -31.128347      3.349499e-03
      180                      5628   231266.298956      -21.129219      8.579067e-03
      181                      5628   231258.585286      -11.129757      4.371846e-03
      182                      5628   231250.871616       -1.129961     -1.793165e-03
      183                      5628   231243.157947        8.870168      4.526451e-03
      184                      5628   231235.444277       18.870631     -5.453321e-03
      185                      5628   231227.730607       28.871427      5.081880e-03
      186                      5628   231220.016938       38.872557      5.519805e-03
      187                      5628   231212.303268       48.874020      1.246956e-02
      188                      5628   231204.589598       58.875817      2.376436e-03
      189                      5628   231196.875928       68.877947     -2.462678e-03
      190                      5628   231189.162259       78.880411      4.546278e-03
      191                      5628   231181.448589       88.883209      5.784004e-03
      192                      5628   231173.734919       98.886340      4.497428e-03
      193                      5628   231166.021250      108.889805     -8.067489e-04
      194                      5628   231158.307580      118.893603      5.472952e-03
      195                      5628   231150.593910      128.897735     -2.368827e-04
      196                      5628   231142.880241      138.902200     -3.118115e-04
      197                      5628   231135.166571      148.906999      1.218337e-03
      198                      5628   231127.452901      158.912132      3.634513e-03
      199                      5628   231119.739231      168.917598     -2.438995e-03
      200                      5628   231112.025562      178.923398      3.155038e-03
      201                      5628   231104.311892      188.929531     -4.525052e-03
      202                      5628   231096.598222      198.935998      2.055011e-03
      203                      5628   231088.884553      208.942798      1.521308e-03
      204                      5628   231081.170883      218.949932     -9.880968e-05
      205                      5628   231073.457213      228.957400      1.216413e-03
      206                      5628   231065.743543      238.965201     -2.356819e-03
      207                      5628   231058.029874      248.973335     -4.215626e-03
      208                      5628   231050.316204      258.981804     -1.412920e-03
      209                      5628   231042.602534      268.990605     -3.123312e-03
      210                      5628   231034.888865      278.999741     -2.524508e-03
      211                      5628   231027.175195      289.009209      5.293812e-03
      212                      5628   231019.461525      299.019012      4.533507e-03
      213                      5628   231011.747856      309.029148     -4.754757e-05
      214                      5628   231004.034186      319.039617     -4.059569e-03
      215                      5628   230996.320516      329.050421     -1.931263e-04
      216                      5628   230988.606846      339.061557     -3.834252e-03
      217                      5628   230980.893177      349.073028     -2.312379e-03
      218                      5628   230973.179507      359.084831      4.999489e-04
      219                      5628   230965.465837      369.096969     -3.774884e-03
      220                      5628   230957.752168      379.109440      1.565374e-04
      221                      5628   230950.038498      389.122244      7.092656e-03
      222                      5628   230942.324828      399.135382     -2.868717e-03
      223                      5628   230934.611159      409.148854     -5.512531e-04
      224                      5628   230926.897489      419.162659     -2.328783e-03
      225                      5628   230919.183819      429.176798      7.764449e-04
      226                      5628   230911.470149      439.191270      4.884884e-03
      227                      5628   230903.756480      449.206076      1.157286e-04
      228                      5628   230896.042810      459.221215     -5.401885e-03
      229                      5628   230888.329140      469.236688      5.296543e-04
      230                      5628   230880.615471      479.252495     -3.470141e-03
      231                      5628   230872.901801      489.268635      3.179782e-03
      232                      5628   230865.188131      499.285109     -2.653488e-03
      233                      5628   230857.474462      509.301916      1.005876e-03
      234                      5628   230849.760792      519.319057      6.011162e-03
      235                      5628   230842.047122      529.336531     -3.475397e-03
      236                      5628   230834.333452      539.354339      1.062190e-04
      237                      5628   230826.619783      549.372481     -4.495245e-03
      238                      5628   230818.906113      559.390956      3.044771e-03
      239                      5628   230811.192443      569.409764     -1.445874e-03
      240                      5628   230803.478774      579.428907      1.625691e-03
      241                      5628   230795.765104      589.448382      2.648739e-03
      242                      5628   230788.051434      599.468192     -1.827576e-03
