# NGC_3628_CO.image, box=105,105,290,200, chans=, stokes=
# beam size: 1.37415025358 arcsec2, 34.3537563395 pixels
# Total flux: 1402.59341322 Jy.km/s
# Channel number_of_unmasked_pixels frequency_(MHz) Velocity_(km/s) Flux_density_(Jy)
        0                      8248   231278.954290    -1804.516775      3.326313e-03
        1                      8248   231271.285952    -1794.576980      9.192845e-03
        2                      8248   231263.617613    -1784.636852      1.466899e-03
        3                      8248   231255.949275    -1774.696391     -1.740514e-03
        4                      8248   231248.280937    -1764.755595      2.234809e-03
        5                      8248   231240.612598    -1754.814467     -1.315805e-03
        6                      8248   231232.944260    -1744.873005      1.516214e-03
        7                      8248   231225.275922    -1734.931209      3.854433e-03
        8                      8248   231217.607583    -1724.989080      6.264749e-03
        9                      8248   231209.939245    -1715.046617      4.346407e-03
       10                      8248   231202.270907    -1705.103821      8.230280e-03
       11                      8248   231194.602568    -1695.160691      1.465739e-03
       12                      8248   231186.934230    -1685.217228     -3.454590e-03
       13                      8248   231179.265892    -1675.273431      6.828330e-03
       14                      8248   231171.597553    -1665.329300      1.401598e-03
       15                      8248   231163.929215    -1655.384837     -1.130208e-03
       16                      8248   231156.260877    -1645.440039      1.972732e-03
       17                      8248   231148.592538    -1635.494908     -2.261701e-04
       18                      8248   231140.924200    -1625.549444     -1.118424e-03
       19                      8248   231133.255862    -1615.603645      1.884487e-03
       20                      8248   231125.587523    -1605.657514     -4.716713e-03
       21                      8248   231117.919185    -1595.711049      1.701983e-03
       22                      8248   231110.250846    -1585.764250      6.070599e-03
       23                      8248   231102.582508    -1575.817118     -3.423497e-03
       24                      8248   231094.914170    -1565.869652      6.456804e-03
       25                      8248   231087.245831    -1555.921853      4.859776e-03
       26                      8248   231079.577493    -1545.973720     -5.091830e-04
       27                      8248   231071.909155    -1536.025254      5.888158e-03
       28                      8248   231064.240816    -1526.076454      5.428125e-04
       29                      8248   231056.572478    -1516.127320     -2.586561e-03
       30                      8248   231048.904140    -1506.177853     -1.574815e-04
       31                      8248   231041.235801    -1496.228053     -1.335104e-03
       32                      8248   231033.567463    -1486.277919      1.813152e-03
       33                      8248   231025.899125    -1476.327451     -4.922856e-04
       34                      8248   231018.230786    -1466.376650     -8.314121e-04
       35                      8248   231010.562448    -1456.425515      1.636516e-03
       36                      8248   231002.894110    -1446.474047      7.643763e-04
       37                      8248   230995.225771    -1436.522245     -1.939877e-03
       38                      8248   230987.557433    -1426.570110      4.260434e-04
       39                      8248   230979.889095    -1416.617641      1.311093e-04
       40                      8248   230972.220756    -1406.664839      6.092265e-03
       41                      8248   230964.552418    -1396.711703      4.902012e-03
       42                      8248   230956.884080    -1386.758234      1.262182e-03
       43                      8248   230949.215741    -1376.804431     -1.793072e-03
       44                      8248   230941.547403    -1366.850294     -5.753598e-03
       45                      8248   230933.879065    -1356.895824      2.821822e-03
       46                      8248   230926.210726    -1346.941020      2.049238e-03
       47                      8248   230918.542388    -1336.985883      4.277670e-03
       48                      8248   230910.874050    -1327.030412      7.949349e-03
       49                      8248   230903.205711    -1317.074608     -8.345692e-04
       50                      8248   230895.537373    -1307.118470     -1.585167e-03
       51                      8248   230887.869035    -1297.161999      1.427635e-04
       52                      8248   230880.200696    -1287.205194     -8.142758e-04
       53                      8248   230872.532358    -1277.248056     -1.985824e-03
       54                      8248   230864.864020    -1267.290584      1.183388e-04
       55                      8248   230857.195681    -1257.332778      5.384886e-03
       56                      8248   230849.527343    -1247.374639     -9.802527e-04
       57                      8248   230841.859005    -1237.416166      7.003495e-04
       58                      8248   230834.190666    -1227.457360     -8.119451e-04
       59                      8248   230826.522328    -1217.498220     -9.317016e-04
       60                      8248   230818.853990    -1207.538747      3.726238e-03
       61                      8248   230811.185651    -1197.578940     -5.477686e-04
       62                      8248   230803.517313    -1187.618800      9.659863e-04
       63                      8248   230795.848975    -1177.658326      1.595523e-03
       64                      8248   230788.180636    -1167.697519     -1.358734e-03
       65                      8248   230780.512298    -1157.736378     -1.505957e-03
       66                      8248   230772.843959    -1147.774903      1.361099e-03
       67                      8248   230765.175621    -1137.813095     -1.302535e-04
       68                      8248   230757.507283    -1127.850953      5.986087e-03
       69                      8248   230749.838944    -1117.888478      1.842547e-03
       70                      8248   230742.170606    -1107.925669     -9.928056e-04
       71                      8248   230734.502268    -1097.962527      2.743631e-04
       72                      8248   230726.833929    -1087.999051     -3.833335e-03
       73                      8248   230719.165591    -1078.035242     -1.441747e-03
       74                      8248   230711.497253    -1068.071099     -5.293392e-03
       75                      8248   230703.828914    -1058.106622     -4.375537e-03
       76                      8248   230696.160576    -1048.141812     -1.381556e-03
       77                      8248   230688.492238    -1038.176668      4.105291e-03
       78                      8248   230680.823899    -1028.211191     -2.152695e-03
       79                      8248   230673.155561    -1018.245381      1.240444e-04
       80                      8248   230665.487223    -1008.279236      2.873420e-03
       81                      8248   230657.818884     -998.312758      7.116179e-04
       82                      8248   230650.150546     -988.345947      2.924642e-03
       83                      8248   230642.482208     -978.378802      2.400327e-03
       84                      8248   230634.813869     -968.411324     -1.309119e-03
       85                      8248   230627.145531     -958.443512      3.547958e-03
       86                      8248   230619.477193     -948.475366      3.061019e-03
       87                      8248   230611.808854     -938.506887      3.770527e-03
       88                      8248   230604.140516     -928.538074      2.338245e-03
       89                      8248   230596.472178     -918.568928      8.303245e-03
       90                      8248   230588.803839     -908.599448      3.368437e-03
       91                      8248   230581.135501     -898.629635     -2.479792e-03
       92                      8248   230573.467163     -888.659488      2.750580e-03
       93                      8248   230565.798824     -878.689007     -1.098657e-03
       94                      8248   230558.130486     -868.718193     -1.826720e-03
       95                      8248   230550.462148     -858.747046      1.757907e-04
       96                      8248   230542.793809     -848.775564      5.362229e-05
       97                      8248   230535.125471     -838.803750      4.085034e-03
       98                      8248   230527.457133     -828.831601      7.710121e-03
       99                      8248   230519.788794     -818.859120      2.858659e-03
      100                      8248   230512.120456     -808.886304      5.843036e-03
      101                      8248   230504.452118     -798.913155      4.669213e-03
      102                      8248   230496.783779     -788.939673      3.154577e-03
      103                      8248   230489.115441     -778.965857     -2.186173e-03
      104                      8248   230481.447103     -768.991707     -1.120602e-03
      105                      8248   230473.778764     -759.017224      2.989244e-03
      106                      8248   230466.110426     -749.042407      1.021654e-02
      107                      8248   230458.442088     -739.067257      7.764393e-04
      108                      8248   230450.773749     -729.091773     -4.964479e-03
      109                      8248   230443.105411     -719.115956      4.563606e-03
      110                      8248   230435.437072     -709.139805      5.001876e-03
      111                      8248   230427.768734     -699.163320      4.569456e-03
      112                      8248   230420.100396     -689.186502     -4.166591e-03
      113                      8248   230412.432057     -679.209351      2.361539e-03
      114                      8248   230404.763719     -669.231865      5.132210e-03
      115                      8248   230397.095381     -659.254047      1.688148e-03
      116                      8248   230389.427042     -649.275894      1.234664e-03
      117                      8248   230381.758704     -639.297409      6.148252e-03
      118                      8248   230374.090366     -629.318589     -3.322142e-03
      119                      8248   230366.422027     -619.339436     -1.241075e-04
      120                      8248   230358.753689     -609.359950     -8.195149e-04
      121                      8248   230351.085351     -599.380129      1.569048e-03
      122                      8248   230343.417012     -589.399976     -3.268726e-03
      123                      8248   230335.748674     -579.419489     -1.624625e-03
      124                      8248   230328.080336     -569.438668     -5.170394e-03
      125                      8248   230320.411997     -559.457513      4.822818e-03
      126                      8248   230312.743659     -549.476026      2.502606e-03
      127                      8248   230305.075321     -539.494204      3.981432e-03
      128                      8248   230297.406982     -529.512049      4.616706e-04
      129                      8248   230289.738644     -519.529560      2.166242e-03
      130                      8248   230282.070306     -509.546738      7.343924e-03
      131                      8248   230274.401967     -499.563583      1.707085e-03
      132                      8248   230266.733629     -489.580093     -1.935191e-03
      133                      8248   230259.065291     -479.596270      2.557357e-03
      134                      8248   230251.396952     -469.612114      6.266597e-04
      135                      8248   230243.728614     -459.627624     -2.697054e-03
      136                      8248   230236.060276     -449.642801      4.768050e-03
      137                      8248   230228.391937     -439.657644     -6.154275e-03
      138                      8248   230220.723599     -429.672153     -5.209524e-04
      139                      8248   230213.055261     -419.686329     -1.035779e-03
      140                      8248   230205.386922     -409.700171      4.007029e-03
      141                      8248   230197.718584     -399.713680      2.039833e-03
      142                      8248   230190.050246     -389.726855      3.160042e-03
      143                      8248   230182.381907     -379.739696     -4.394224e-03
      144                      8248   230174.713569     -369.752204      3.609703e-03
      145                      8248   230167.045231     -359.764379      5.626347e-03
      146                      8248   230159.376892     -349.776220      3.225222e-03
      147                      8248   230151.708554     -339.787727     -4.073115e-03
      148                      8248   230144.040216     -329.798901      1.897383e-03
      149                      8248   230136.371877     -319.809741      6.353910e-03
      150                      8248   230128.703539     -309.820247     -2.451400e-03
      151                      8248   230121.035201     -299.830420      2.710145e-03
      152                      8248   230113.366862     -289.840260      2.166187e-03
      153                      8248   230105.698524     -279.849766      1.285789e-03
      154                      8248   230098.030185     -269.858938     -1.369704e-03
      155                      8248   230090.361847     -259.867777      1.078846e-02
      156                      8248   230082.693509     -249.876282      6.611331e-03
      157                      8248   230075.025170     -239.884454      2.259267e-03
      158                      8248   230067.356832     -229.892292      6.435050e-03
      159                      8248   230059.688494     -219.899796      2.392022e-03
      160                      8248   230052.020155     -209.906967      3.354367e-03
      161                      8248   230044.351817     -199.913805      1.439588e-02
      162                      8248   230036.683479     -189.920309      1.040559e-01
      163                      8248   230029.015140     -179.926479      2.852921e-01
      164                      8248   230021.346802     -169.932316      6.951643e-01
      165                      8248   230013.678464     -159.937819      1.303760e+00
      166                      8248   230006.010125     -149.942988      1.972303e+00
      167                      8248   229998.341787     -139.947824      2.403051e+00
      168                      8248   229990.673449     -129.952327      2.658231e+00
      169                      8248   229983.005110     -119.956496      2.845506e+00
      170                      8248   229975.336772     -109.960331      3.013781e+00
      171                      8248   229967.668434      -99.963833      3.375707e+00
      172                      8248   229960.000095      -89.967001      3.889180e+00
      173                      8248   229952.331757      -79.969836      4.428001e+00
      174                      8248   229944.663419      -69.972337      4.896510e+00
      175                      8248   229936.995080      -59.974504      5.249295e+00
      176                      8248   229929.326742      -49.976338      5.797237e+00
      177                      8248   229921.658404      -39.977839      5.678035e+00
      178                      8248   229913.990065      -29.979006      5.141120e+00
      179                      8248   229906.321727      -19.979839      5.218968e+00
      180                      8248   229898.653389       -9.980338      5.158751e+00
      181                      8248   229890.985050        0.019495      5.290110e+00
      182                      8248   229883.316712       10.019663      5.680212e+00
      183                      8248   229875.648374       20.020164      5.820098e+00
      184                      8248   229867.980035       30.020998      5.524467e+00
      185                      8248   229860.311697       40.022166      5.433827e+00
      186                      8248   229852.643359       50.023668      5.274397e+00
      187                      8248   229844.975020       60.025503      5.228460e+00
      188                      8248   229837.306682       70.027672      4.889169e+00
      189                      8248   229829.638344       80.030175      4.525246e+00
      190                      8248   229821.970005       90.033011      4.264768e+00
      191                      8248   229814.301667      100.036180      4.279780e+00
      192                      8248   229806.633329      110.039683      4.304516e+00
      193                      8248   229798.964990      120.043520      3.909284e+00
      194                      8248   229791.296652      130.047690      3.316227e+00
      195                      8248   229783.628314      140.052194      2.832478e+00
      196                      8248   229775.959975      150.057031      2.247465e+00
      197                      8248   229768.291637      160.062202      1.556331e+00
      198                      8248   229760.623298      170.067706      1.026230e+00
      199                      8248   229752.954960      180.073544      4.314455e-01
      200                      8248   229745.286622      190.079716      7.033334e-02
      201                      8248   229737.618283      200.086221      1.234424e-02
      202                      8248   229729.949945      210.093060      7.741190e-03
      203                      8248   229722.281607      220.100232      2.918847e-03
      204                      8248   229714.613268      230.107738      1.600317e-03
      205                      8248   229706.944930      240.115577     -9.472845e-04
      206                      8248   229699.276592      250.123750     -1.507881e-03
      207                      8248   229691.608253      260.132257      1.346051e-03
      208                      8248   229683.939915      270.141097      1.218061e-02
      209                      8248   229676.271577      280.150271     -5.973166e-04
      210                      8248   229668.603238      290.159778      1.678199e-03
      211                      8248   229660.934900      300.169619     -4.444358e-03
      212                      8248   229653.266562      310.179793      2.150237e-04
      213                      8248   229645.598223      320.190301     -5.681961e-04
      214                      8248   229637.929885      330.201142     -3.287703e-03
      215                      8248   229630.261547      340.212317     -2.682747e-03
      216                      8248   229622.593208      350.223826     -3.595162e-03
      217                      8248   229614.924870      360.235668     -2.317828e-04
      218                      8248   229607.256532      370.247844     -5.187204e-03
      219                      8248   229599.588193      380.260353      2.922454e-05
      220                      8248   229591.919855      390.273196      7.723900e-03
      221                      8248   229584.251517      400.286372     -9.538938e-03
      222                      8248   229576.583178      410.299882      3.884136e-03
      223                      8248   229568.914840      420.313726      4.518986e-04
      224                      8248   229561.246502      430.327903     -9.348002e-03
      225                      8248   229553.578163      440.342414     -9.166697e-03
      226                      8248   229545.909825      450.357258     -1.899475e-03
      227                      8248   229538.241487      460.372436      3.163346e-04
      228                      8248   229530.573148      470.387947      2.452162e-03
      229                      8248   229522.904810      480.403792      1.126958e-03
      230                      8248   229515.236472      490.419970     -1.764002e-03
      231                      8248   229507.568133      500.436482     -1.519302e-03
      232                      8248   229499.899795      510.453328      7.021053e-03
      233                      8248   229492.231457      520.470507      8.891406e-04
      234                      8248   229484.563118      530.488020     -2.757311e-03
      235                      8248   229476.894780      540.505866     -5.466064e-03
      236                      8248   229469.226442      550.524046     -2.027792e-03
      237                      8248   229461.558103      560.542559     -3.872611e-03
      238                      8248   229453.889765      570.561406     -5.292007e-03
      239                      8248   229446.221427      580.580587      3.349989e-03
      240                      8248   229438.553088      590.600101     -1.687108e-03
      241                      8248   229430.884750      600.619949      5.168854e-03
      242                      8248   229423.216411      610.640130     -6.196568e-04
      243                      8248   229415.548073      620.660645     -2.548514e-04
