# NGC_3628_CO.image, box=105,105,290,200, chans=, stokes=
# beam size: 1.37415025358 arcsec2, 34.3537563395 pixels
# Total flux: 1431.20043369 Jy.km/s
# Channel number_of_unmasked_pixels frequency_(MHz) Velocity_(km/s) Flux_density_(Jy)
        0                      5628   231278.954290    -1804.516775      5.250894e-03
        1                      5628   231271.285952    -1794.576980      8.046323e-03
        2                      5628   231263.617613    -1784.636852      3.836259e-03
        3                      5628   231255.949275    -1774.696391     -1.975269e-03
        4                      5628   231248.280937    -1764.755595      2.937034e-03
        5                      5628   231240.612598    -1754.814467     -3.039439e-03
        6                      5628   231232.944260    -1744.873005      3.972533e-03
        7                      5628   231225.275922    -1734.931209      4.713169e-03
        8                      5628   231217.607583    -1724.989080      4.892555e-03
        9                      5628   231209.939245    -1715.046617      7.471199e-03
       10                      5628   231202.270907    -1705.103821      4.459783e-03
       11                      5628   231194.602568    -1695.160691      2.845122e-03
       12                      5628   231186.934230    -1685.217228     -2.376723e-03
       13                      5628   231179.265892    -1675.273431      4.880708e-03
       14                      5628   231171.597553    -1665.329300      1.766553e-03
       15                      5628   231163.929215    -1655.384837      3.315686e-03
       16                      5628   231156.260877    -1645.440039      5.413781e-03
       17                      5628   231148.592538    -1635.494908      4.364723e-03
       18                      5628   231140.924200    -1625.549444      2.446454e-03
       19                      5628   231133.255862    -1615.603645      2.221282e-03
       20                      5628   231125.587523    -1605.657514     -3.610685e-04
       21                      5628   231117.919185    -1595.711049     -7.007997e-04
       22                      5628   231110.250846    -1585.764250      6.245614e-03
       23                      5628   231102.582508    -1575.817118     -3.794138e-03
       24                      5628   231094.914170    -1565.869652      1.985369e-03
       25                      5628   231087.245831    -1555.921853      4.765020e-03
       26                      5628   231079.577493    -1545.973720     -1.453437e-03
       27                      5628   231071.909155    -1536.025254      2.512139e-03
       28                      5628   231064.240816    -1526.076454     -1.281428e-03
       29                      5628   231056.572478    -1516.127320     -1.596772e-03
       30                      5628   231048.904140    -1506.177853      1.247399e-03
       31                      5628   231041.235801    -1496.228053     -1.575602e-04
       32                      5628   231033.567463    -1486.277919     -2.919842e-04
       33                      5628   231025.899125    -1476.327451     -2.449250e-03
       34                      5628   231018.230786    -1466.376650      6.153787e-04
       35                      5628   231010.562448    -1456.425515      2.008341e-04
       36                      5628   231002.894110    -1446.474047     -1.012419e-03
       37                      5628   230995.225771    -1436.522245     -2.769226e-03
       38                      5628   230987.557433    -1426.570110     -2.434103e-03
       39                      5628   230979.889095    -1416.617641      8.775550e-04
       40                      5628   230972.220756    -1406.664839      3.517533e-03
       41                      5628   230964.552418    -1396.711703      8.341248e-04
       42                      5628   230956.884080    -1386.758234      6.240371e-03
       43                      5628   230949.215741    -1376.804431      2.907535e-03
       44                      5628   230941.547403    -1366.850294     -4.021053e-03
       45                      5628   230933.879065    -1356.895824     -4.412683e-04
       46                      5628   230926.210726    -1346.941020     -8.898639e-04
       47                      5628   230918.542388    -1336.985883      3.470257e-03
       48                      5628   230910.874050    -1327.030412      6.968852e-03
       49                      5628   230903.205711    -1317.074608      2.234519e-03
       50                      5628   230895.537373    -1307.118470     -1.856670e-03
       51                      5628   230887.869035    -1297.161999      5.130849e-04
       52                      5628   230880.200696    -1287.205194     -2.623456e-03
       53                      5628   230872.532358    -1277.248056      2.637321e-03
       54                      5628   230864.864020    -1267.290584      1.289124e-03
       55                      5628   230857.195681    -1257.332778      5.687942e-03
       56                      5628   230849.527343    -1247.374639      2.808307e-03
       57                      5628   230841.859005    -1237.416166      2.420536e-03
       58                      5628   230834.190666    -1227.457360      7.946227e-05
       59                      5628   230826.522328    -1217.498220     -1.755350e-03
       60                      5628   230818.853990    -1207.538747      4.635230e-03
       61                      5628   230811.185651    -1197.578940     -3.066904e-04
       62                      5628   230803.517313    -1187.618800     -2.186091e-03
       63                      5628   230795.848975    -1177.658326      7.631562e-04
       64                      5628   230788.180636    -1167.697519     -1.169201e-03
       65                      5628   230780.512298    -1157.736378     -2.603204e-03
       66                      5628   230772.843959    -1147.774903     -8.314021e-04
       67                      5628   230765.175621    -1137.813095      1.403606e-03
       68                      5628   230757.507283    -1127.850953      4.695174e-03
       69                      5628   230749.838944    -1117.888478      3.465843e-04
       70                      5628   230742.170606    -1107.925669     -1.823271e-03
       71                      5628   230734.502268    -1097.962527     -4.219553e-04
       72                      5628   230726.833929    -1087.999051     -1.622404e-04
       73                      5628   230719.165591    -1078.035242      4.495388e-04
       74                      5628   230711.497253    -1068.071099     -3.401621e-03
       75                      5628   230703.828914    -1058.106622     -2.246442e-03
       76                      5628   230696.160576    -1048.141812     -7.750332e-04
       77                      5628   230688.492238    -1038.176668      8.405246e-04
       78                      5628   230680.823899    -1028.211191     -2.922649e-03
       79                      5628   230673.155561    -1018.245381      1.935165e-03
       80                      5628   230665.487223    -1008.279236      1.175506e-03
       81                      5628   230657.818884     -998.312758      1.830162e-04
       82                      5628   230650.150546     -988.345947     -4.075400e-04
       83                      5628   230642.482208     -978.378802     -2.633325e-03
       84                      5628   230634.813869     -968.411324     -1.745817e-03
       85                      5628   230627.145531     -958.443512      8.713586e-04
       86                      5628   230619.477193     -948.475366     -1.035462e-03
       87                      5628   230611.808854     -938.506887      9.916377e-04
       88                      5628   230604.140516     -928.538074      4.773914e-03
       89                      5628   230596.472178     -918.568928      5.099691e-03
       90                      5628   230588.803839     -908.599448      2.522820e-03
       91                      5628   230581.135501     -898.629635     -2.646621e-03
       92                      5628   230573.467163     -888.659488      6.238498e-03
       93                      5628   230565.798824     -878.689007      2.115126e-03
       94                      5628   230558.130486     -868.718193     -5.716093e-03
       95                      5628   230550.462148     -858.747046      1.158379e-04
       96                      5628   230542.793809     -848.775564      2.899217e-03
       97                      5628   230535.125471     -838.803750      7.697389e-03
       98                      5628   230527.457133     -828.831601      8.389244e-03
       99                      5628   230519.788794     -818.859120      3.913085e-03
      100                      5628   230512.120456     -808.886304      3.419180e-03
      101                      5628   230504.452118     -798.913155      1.374922e-03
      102                      5628   230496.783779     -788.939673      3.233193e-03
      103                      5628   230489.115441     -778.965857      5.023313e-03
      104                      5628   230481.447103     -768.991707     -6.942407e-04
      105                      5628   230473.778764     -759.017224      2.286963e-03
      106                      5628   230466.110426     -749.042407      2.735241e-03
      107                      5628   230458.442088     -739.067257     -2.239788e-03
      108                      5628   230450.773749     -729.091773     -1.726940e-03
      109                      5628   230443.105411     -719.115956      3.910411e-03
      110                      5628   230435.437072     -709.139805      4.784362e-03
      111                      5628   230427.768734     -699.163320      1.021761e-03
      112                      5628   230420.100396     -689.186502     -6.022410e-03
      113                      5628   230412.432057     -679.209351      1.557844e-03
      114                      5628   230404.763719     -669.231865      4.667113e-03
      115                      5628   230397.095381     -659.254047      2.885175e-03
      116                      5628   230389.427042     -649.275894      1.047404e-03
      117                      5628   230381.758704     -639.297409      3.701522e-03
      118                      5628   230374.090366     -629.318589     -4.310398e-03
      119                      5628   230366.422027     -619.339436      1.226548e-03
      120                      5628   230358.753689     -609.359950      1.171962e-03
      121                      5628   230351.085351     -599.380129      4.937447e-03
      122                      5628   230343.417012     -589.399976     -3.028291e-03
      123                      5628   230335.748674     -579.419489     -2.517351e-03
      124                      5628   230328.080336     -569.438668     -1.976417e-03
      125                      5628   230320.411997     -559.457513     -2.406998e-04
      126                      5628   230312.743659     -549.476026      1.103218e-03
      127                      5628   230305.075321     -539.494204      5.148422e-03
      128                      5628   230297.406982     -529.512049      5.651677e-03
      129                      5628   230289.738644     -519.529560      5.373240e-03
      130                      5628   230282.070306     -509.546738      4.980339e-04
      131                      5628   230274.401967     -499.563583      2.446437e-03
      132                      5628   230266.733629     -489.580093      4.058118e-03
      133                      5628   230259.065291     -479.596270      2.017342e-03
      134                      5628   230251.396952     -469.612114      2.711447e-03
      135                      5628   230243.728614     -459.627624     -7.428145e-04
      136                      5628   230236.060276     -449.642801      3.226942e-03
      137                      5628   230228.391937     -439.657644     -2.069925e-03
      138                      5628   230220.723599     -429.672153     -1.560353e-03
      139                      5628   230213.055261     -419.686329      1.659324e-03
      140                      5628   230205.386922     -409.700171      1.443144e-03
      141                      5628   230197.718584     -399.713680      1.530449e-03
      142                      5628   230190.050246     -389.726855      1.829466e-03
      143                      5628   230182.381907     -379.739696     -2.954928e-03
      144                      5628   230174.713569     -369.752204      1.769779e-03
      145                      5628   230167.045231     -359.764379      4.218264e-04
      146                      5628   230159.376892     -349.776220      3.608554e-03
      147                      5628   230151.708554     -339.787727     -7.235495e-04
      148                      5628   230144.040216     -329.798901      3.605383e-03
      149                      5628   230136.371877     -319.809741      3.347408e-03
      150                      5628   230128.703539     -309.820247      1.027151e-03
      151                      5628   230121.035201     -299.830420      1.095846e-03
      152                      5628   230113.366862     -289.840260      2.522723e-03
      153                      5628   230105.698524     -279.849766     -1.369941e-03
      154                      5628   230098.030185     -269.858938     -7.035841e-04
      155                      5628   230090.361847     -259.867777      7.018893e-03
      156                      5628   230082.693509     -249.876282      3.882579e-03
      157                      5628   230075.025170     -239.884454     -5.663395e-04
      158                      5628   230067.356832     -229.892292     -4.054515e-03
      159                      5628   230059.688494     -219.899796     -2.028126e-03
      160                      5628   230052.020155     -209.906967      4.274938e-03
      161                      5628   230044.351817     -199.913805      1.721275e-02
      162                      5628   230036.683479     -189.920309      1.066035e-01
      163                      5628   230029.015140     -179.926479      3.260483e-01
      164                      5628   230021.346802     -169.932316      7.749316e-01
      165                      5628   230013.678464     -159.937819      1.404577e+00
      166                      5628   230006.010125     -149.942988      2.071464e+00
      167                      5628   229998.341787     -139.947824      2.518771e+00
      168                      5628   229990.673449     -129.952327      2.794366e+00
      169                      5628   229983.005110     -119.956496      2.959457e+00
      170                      5628   229975.336772     -109.960331      3.036451e+00
      171                      5628   229967.668434      -99.963833      3.373362e+00
      172                      5628   229960.000095      -89.967001      3.916387e+00
      173                      5628   229952.331757      -79.969836      4.602731e+00
      174                      5628   229944.663419      -69.972337      5.073574e+00
      175                      5628   229936.995080      -59.974504      5.377987e+00
      176                      5628   229929.326742      -49.976338      5.886284e+00
      177                      5628   229921.658404      -39.977839      5.791819e+00
      178                      5628   229913.990065      -29.979006      5.247983e+00
      179                      5628   229906.321727      -19.979839      5.304915e+00
      180                      5628   229898.653389       -9.980338      5.267352e+00
      181                      5628   229890.985050        0.019495      5.422493e+00
      182                      5628   229883.316712       10.019663      5.842983e+00
      183                      5628   229875.648374       20.020164      5.953567e+00
      184                      5628   229867.980035       30.020998      5.601653e+00
      185                      5628   229860.311697       40.022166      5.466904e+00
      186                      5628   229852.643359       50.023668      5.241690e+00
      187                      5628   229844.975020       60.025503      5.147353e+00
      188                      5628   229837.306682       70.027672      4.813135e+00
      189                      5628   229829.638344       80.030175      4.492318e+00
      190                      5628   229821.970005       90.033011      4.254206e+00
      191                      5628   229814.301667      100.036180      4.296396e+00
      192                      5628   229806.633329      110.039683      4.434454e+00
      193                      5628   229798.964990      120.043520      4.048857e+00
      194                      5628   229791.296652      130.047690      3.449788e+00
      195                      5628   229783.628314      140.052194      2.958337e+00
      196                      5628   229775.959975      150.057031      2.358503e+00
      197                      5628   229768.291637      160.062202      1.641021e+00
      198                      5628   229760.623298      170.067706      1.073632e+00
      199                      5628   229752.954960      180.073544      4.579402e-01
      200                      5628   229745.286622      190.079716      8.844659e-02
      201                      5628   229737.618283      200.086221      2.357248e-02
      202                      5628   229729.949945      210.093060      1.021563e-02
      203                      5628   229722.281607      220.100232      4.677329e-03
      204                      5628   229714.613268      230.107738     -9.351836e-04
      205                      5628   229706.944930      240.115577     -3.643765e-03
      206                      5628   229699.276592      250.123750     -5.870405e-03
      207                      5628   229691.608253      260.132257     -1.577192e-03
      208                      5628   229683.939915      270.141097      1.101059e-02
      209                      5628   229676.271577      280.150271      1.110343e-03
      210                      5628   229668.603238      290.159778     -8.860048e-04
      211                      5628   229660.934900      300.169619      1.445540e-03
      212                      5628   229653.266562      310.179793      4.647375e-04
      213                      5628   229645.598223      320.190301      2.225908e-05
      214                      5628   229637.929885      330.201142      2.555272e-03
      215                      5628   229630.261547      340.212317     -3.216076e-03
      216                      5628   229622.593208      350.223826     -3.049968e-04
      217                      5628   229614.924870      360.235668      2.075351e-03
      218                      5628   229607.256532      370.247844      1.347069e-03
      219                      5628   229599.588193      380.260353     -5.004724e-03
      220                      5628   229591.919855      390.273196     -3.887602e-03
      221                      5628   229584.251517      400.286372     -9.912906e-03
      222                      5628   229576.583178      410.299882      2.557399e-03
      223                      5628   229568.914840      420.313726      8.666261e-04
      224                      5628   229561.246502      430.327903     -4.180710e-03
      225                      5628   229553.578163      440.342414     -5.433508e-03
      226                      5628   229545.909825      450.357258     -1.703526e-03
      227                      5628   229538.241487      460.372436     -7.536915e-04
      228                      5628   229530.573148      470.387947     -3.219642e-03
      229                      5628   229522.904810      480.403792      9.843066e-04
      230                      5628   229515.236472      490.419970     -1.045517e-03
      231                      5628   229507.568133      500.436482     -4.685436e-03
      232                      5628   229499.899795      510.453328      7.709282e-03
      233                      5628   229492.231457      520.470507      2.074960e-03
      234                      5628   229484.563118      530.488020     -4.699184e-03
      235                      5628   229476.894780      540.505866      4.572727e-04
      236                      5628   229469.226442      550.524046     -5.716883e-03
      237                      5628   229461.558103      560.542559      2.352277e-03
      238                      5628   229453.889765      570.561406     -3.961378e-03
      239                      5628   229446.221427      580.580587      3.298910e-03
      240                      5628   229438.553088      590.600101     -9.480427e-04
      241                      5628   229430.884750      600.619949      2.053545e-03
      242                      5628   229423.216411      610.640130      2.715157e-05
      243                      5628   229415.548073      620.660645      5.627169e-03
