# NGC_3628_CO.image, box=100,100,270,170, chans=, stokes=
# beam size: 1.37415025358 arcsec2, 34.3537563395 pixels
# Total flux: 796.068759914 Jy.km/s
# Channel number_of_unmasked_pixels frequency_(MHz) Velocity_(km/s) Flux_density_(Jy)
        0                       773   231278.954290    -1804.516775      4.010110e-03
        1                       773   231271.285952    -1794.576980      1.691561e-03
        2                       773   231263.617613    -1784.636852     -1.248260e-03
        3                       773   231255.949275    -1774.696391     -2.411181e-03
        4                       773   231248.280937    -1764.755595     -6.133534e-04
        5                       773   231240.612598    -1754.814467     -2.698427e-04
        6                       773   231232.944260    -1744.873005      3.723320e-04
        7                       773   231225.275922    -1734.931209      3.574754e-04
        8                       773   231217.607583    -1724.989080     -2.766540e-04
        9                       773   231209.939245    -1715.046617      1.014336e-03
       10                       773   231202.270907    -1705.103821      1.485578e-03
       11                       773   231194.602568    -1695.160691      2.736597e-03
       12                       773   231186.934230    -1685.217228      3.135951e-03
       13                       773   231179.265892    -1675.273431      2.800341e-03
       14                       773   231171.597553    -1665.329300      1.272817e-03
       15                       773   231163.929215    -1655.384837      1.860702e-03
       16                       773   231156.260877    -1645.440039      3.466761e-03
       17                       773   231148.592538    -1635.494908      2.676749e-03
       18                       773   231140.924200    -1625.549444      8.723302e-04
       19                       773   231133.255862    -1615.603645     -7.326875e-04
       20                       773   231125.587523    -1605.657514      2.170620e-03
       21                       773   231117.919185    -1595.711049      9.332640e-04
       22                       773   231110.250846    -1585.764250      2.279079e-04
       23                       773   231102.582508    -1575.817118      1.354530e-03
       24                       773   231094.914170    -1565.869652     -1.956832e-03
       25                       773   231087.245831    -1555.921853     -7.046433e-04
       26                       773   231079.577493    -1545.973720      1.003858e-03
       27                       773   231071.909155    -1536.025254      8.675893e-04
       28                       773   231064.240816    -1526.076454     -4.955194e-04
       29                       773   231056.572478    -1516.127320      3.309280e-04
       30                       773   231048.904140    -1506.177853      6.638327e-04
       31                       773   231041.235801    -1496.228053     -2.410742e-04
       32                       773   231033.567463    -1486.277919     -1.678092e-03
       33                       773   231025.899125    -1476.327451     -1.273556e-03
       34                       773   231018.230786    -1466.376650      2.433343e-03
       35                       773   231010.562448    -1456.425515      1.189253e-03
       36                       773   231002.894110    -1446.474047      2.888122e-03
       37                       773   230995.225771    -1436.522245     -1.470188e-03
       38                       773   230987.557433    -1426.570110      1.059448e-03
       39                       773   230979.889095    -1416.617641     -1.702544e-04
       40                       773   230972.220756    -1406.664839      2.065068e-03
       41                       773   230964.552418    -1396.711703     -1.023834e-03
       42                       773   230956.884080    -1386.758234      6.116531e-04
       43                       773   230949.215741    -1376.804431     -7.742418e-04
       44                       773   230941.547403    -1366.850294      6.547952e-04
       45                       773   230933.879065    -1356.895824     -2.595040e-03
       46                       773   230926.210726    -1346.941020     -2.802760e-04
       47                       773   230918.542388    -1336.985883     -1.119901e-03
       48                       773   230910.874050    -1327.030412      6.814347e-04
       49                       773   230903.205711    -1317.074608      2.744814e-03
       50                       773   230895.537373    -1307.118470     -2.957888e-03
       51                       773   230887.869035    -1297.161999      3.270897e-04
       52                       773   230880.200696    -1287.205194     -4.044764e-04
       53                       773   230872.532358    -1277.248056     -8.606786e-04
       54                       773   230864.864020    -1267.290584      1.065973e-03
       55                       773   230857.195681    -1257.332778      4.081916e-04
       56                       773   230849.527343    -1247.374639      6.856397e-04
       57                       773   230841.859005    -1237.416166      1.976609e-03
       58                       773   230834.190666    -1227.457360     -5.673438e-04
       59                       773   230826.522328    -1217.498220      1.728219e-04
       60                       773   230818.853990    -1207.538747      1.140127e-03
       61                       773   230811.185651    -1197.578940     -6.343142e-04
       62                       773   230803.517313    -1187.618800     -8.592188e-04
       63                       773   230795.848975    -1177.658326     -7.613829e-05
       64                       773   230788.180636    -1167.697519     -2.555118e-04
       65                       773   230780.512298    -1157.736378     -1.880191e-04
       66                       773   230772.843959    -1147.774903     -4.035094e-04
       67                       773   230765.175621    -1137.813095     -1.649638e-04
       68                       773   230757.507283    -1127.850953      1.886569e-03
       69                       773   230749.838944    -1117.888478      3.591587e-04
       70                       773   230742.170606    -1107.925669     -2.058699e-03
       71                       773   230734.502268    -1097.962527      9.275254e-04
       72                       773   230726.833929    -1087.999051      2.449425e-03
       73                       773   230719.165591    -1078.035242     -3.932290e-04
       74                       773   230711.497253    -1068.071099      6.419829e-04
       75                       773   230703.828914    -1058.106622      6.248496e-04
       76                       773   230696.160576    -1048.141812     -1.947305e-03
       77                       773   230688.492238    -1038.176668      3.401880e-04
       78                       773   230680.823899    -1028.211191     -4.499289e-04
       79                       773   230673.155561    -1018.245381      2.366773e-04
       80                       773   230665.487223    -1008.279236      2.843703e-03
       81                       773   230657.818884     -998.312758      8.729759e-04
       82                       773   230650.150546     -988.345947      2.669443e-04
       83                       773   230642.482208     -978.378802     -8.095903e-04
       84                       773   230634.813869     -968.411324     -9.614626e-04
       85                       773   230627.145531     -958.443512      6.432602e-04
       86                       773   230619.477193     -948.475366      3.420098e-05
       87                       773   230611.808854     -938.506887      2.022567e-03
       88                       773   230604.140516     -928.538074      1.291085e-03
       89                       773   230596.472178     -918.568928      1.113891e-03
       90                       773   230588.803839     -908.599448      7.523916e-04
       91                       773   230581.135501     -898.629635      3.540432e-04
       92                       773   230573.467163     -888.659488      2.192532e-03
       93                       773   230565.798824     -878.689007      1.392778e-03
       94                       773   230558.130486     -868.718193      4.593255e-04
       95                       773   230550.462148     -858.747046      3.129450e-03
       96                       773   230542.793809     -848.775564      5.470126e-04
       97                       773   230535.125471     -838.803750      2.801513e-04
       98                       773   230527.457133     -828.831601      1.450584e-03
       99                       773   230519.788794     -818.859120      4.097413e-03
      100                       773   230512.120456     -808.886304      1.628119e-03
      101                       773   230504.452118     -798.913155      1.155589e-03
      102                       773   230496.783779     -788.939673      9.842406e-04
      103                       773   230489.115441     -778.965857      1.211799e-03
      104                       773   230481.447103     -768.991707      3.913951e-03
      105                       773   230473.778764     -759.017224     -4.743829e-04
      106                       773   230466.110426     -749.042407      1.195477e-03
      107                       773   230458.442088     -739.067257     -4.818226e-06
      108                       773   230450.773749     -729.091773     -2.309006e-03
      109                       773   230443.105411     -719.115956     -1.590303e-04
      110                       773   230435.437072     -709.139805      1.154773e-03
      111                       773   230427.768734     -699.163320     -5.054013e-04
      112                       773   230420.100396     -689.186502     -7.298630e-04
      113                       773   230412.432057     -679.209351     -1.702775e-03
      114                       773   230404.763719     -669.231865      1.159141e-03
      115                       773   230397.095381     -659.254047      1.370860e-03
      116                       773   230389.427042     -649.275894     -1.224310e-03
      117                       773   230381.758704     -639.297409      1.006399e-03
      118                       773   230374.090366     -629.318589     -1.919555e-03
      119                       773   230366.422027     -619.339436      1.199412e-03
      120                       773   230358.753689     -609.359950      5.757495e-04
      121                       773   230351.085351     -599.380129      2.091571e-03
      122                       773   230343.417012     -589.399976      4.516421e-04
      123                       773   230335.748674     -579.419489     -7.591710e-04
      124                       773   230328.080336     -569.438668     -3.100615e-03
      125                       773   230320.411997     -559.457513     -3.410662e-04
      126                       773   230312.743659     -549.476026     -5.644350e-04
      127                       773   230305.075321     -539.494204     -5.409693e-04
      128                       773   230297.406982     -529.512049      1.612949e-03
      129                       773   230289.738644     -519.529560      1.092802e-04
      130                       773   230282.070306     -509.546738     -5.468881e-04
      131                       773   230274.401967     -499.563583     -2.218910e-04
      132                       773   230266.733629     -489.580093      3.358228e-04
      133                       773   230259.065291     -479.596270      3.252590e-05
      134                       773   230251.396952     -469.612114      1.536677e-04
      135                       773   230243.728614     -459.627624     -1.773098e-03
      136                       773   230236.060276     -449.642801     -7.105620e-05
      137                       773   230228.391937     -439.657644     -1.048156e-03
      138                       773   230220.723599     -429.672153     -1.257044e-03
      139                       773   230213.055261     -419.686329      3.355367e-03
      140                       773   230205.386922     -409.700171     -4.917182e-04
      141                       773   230197.718584     -399.713680     -1.981133e-03
      142                       773   230190.050246     -389.726855      2.851554e-04
      143                       773   230182.381907     -379.739696     -1.105696e-03
      144                       773   230174.713569     -369.752204      1.636866e-04
      145                       773   230167.045231     -359.764379     -7.897847e-04
      146                       773   230159.376892     -349.776220      8.587236e-04
      147                       773   230151.708554     -339.787727      2.323412e-03
      148                       773   230144.040216     -329.798901      1.565925e-04
      149                       773   230136.371877     -319.809741      1.906796e-03
      150                       773   230128.703539     -309.820247      2.788159e-03
      151                       773   230121.035201     -299.830420     -2.316407e-04
      152                       773   230113.366862     -289.840260      1.064573e-03
      153                       773   230105.698524     -279.849766     -1.657481e-03
      154                       773   230098.030185     -269.858938      2.451740e-04
      155                       773   230090.361847     -259.867777      1.583551e-03
      156                       773   230082.693509     -249.876282     -2.500484e-04
      157                       773   230075.025170     -239.884454      1.121626e-03
      158                       773   230067.356832     -229.892292      1.010087e-03
      159                       773   230059.688494     -219.899796      3.362796e-03
      160                       773   230052.020155     -209.906967      4.263977e-03
      161                       773   230044.351817     -199.913805      9.228290e-03
      162                       773   230036.683479     -189.920309      2.950816e-02
      163                       773   230029.015140     -179.926479      9.828554e-02
      164                       773   230021.346802     -169.932316      2.694030e-01
      165                       773   230013.678464     -159.937819      5.111892e-01
      166                       773   230006.010125     -149.942988      6.846619e-01
      167                       773   229998.341787     -139.947824      8.133318e-01
      168                       773   229990.673449     -129.952327      1.053466e+00
      169                       773   229983.005110     -119.956496      1.151531e+00
      170                       773   229975.336772     -109.960331      1.009734e+00
      171                       773   229967.668434      -99.963833      1.100989e+00
      172                       773   229960.000095      -89.967001      1.494934e+00
      173                       773   229952.331757      -79.969836      2.051500e+00
      174                       773   229944.663419      -69.972337      2.486578e+00
      175                       773   229936.995080      -59.974504      2.736756e+00
      176                       773   229929.326742      -49.976338      3.349284e+00
      177                       773   229921.658404      -39.977839      3.384195e+00
      178                       773   229913.990065      -29.979006      3.181516e+00
      179                       773   229906.321727      -19.979839      3.417357e+00
      180                       773   229898.653389       -9.980338      3.482158e+00
      181                       773   229890.985050        0.019495      3.506817e+00
      182                       773   229883.316712       10.019663      3.549866e+00
      183                       773   229875.648374       20.020164      3.415372e+00
      184                       773   229867.980035       30.020998      3.185626e+00
      185                       773   229860.311697       40.022166      3.040903e+00
      186                       773   229852.643359       50.023668      2.816663e+00
      187                       773   229844.975020       60.025503      2.677056e+00
      188                       773   229837.306682       70.027672      2.534290e+00
      189                       773   229829.638344       80.030175      2.451214e+00
      190                       773   229821.970005       90.033011      2.547594e+00
      191                       773   229814.301667      100.036180      2.730924e+00
      192                       773   229806.633329      110.039683      2.853298e+00
      193                       773   229798.964990      120.043520      2.661186e+00
      194                       773   229791.296652      130.047690      2.371983e+00
      195                       773   229783.628314      140.052194      2.178432e+00
      196                       773   229775.959975      150.057031      1.828015e+00
      197                       773   229768.291637      160.062202      1.359321e+00
      198                       773   229760.623298      170.067706      9.534332e-01
      199                       773   229752.954960      180.073544      4.213013e-01
      200                       773   229745.286622      190.079716      8.937403e-02
      201                       773   229737.618283      200.086221      2.271302e-02
      202                       773   229729.949945      210.093060      7.973257e-03
      203                       773   229722.281607      220.100232      3.002002e-03
      204                       773   229714.613268      230.107738      2.316267e-03
      205                       773   229706.944930      240.115577      2.370570e-03
      206                       773   229699.276592      250.123750     -1.936277e-03
      207                       773   229691.608253      260.132257      8.473560e-04
      208                       773   229683.939915      270.141097      3.587578e-03
      209                       773   229676.271577      280.150271      1.534352e-03
      210                       773   229668.603238      290.159778     -1.951180e-03
      211                       773   229660.934900      300.169619     -1.438703e-03
      212                       773   229653.266562      310.179793      3.494170e-04
      213                       773   229645.598223      320.190301      1.613502e-03
      214                       773   229637.929885      330.201142      2.442350e-04
      215                       773   229630.261547      340.212317     -1.473588e-03
      216                       773   229622.593208      350.223826     -1.934267e-03
      217                       773   229614.924870      360.235668      5.101847e-03
      218                       773   229607.256532      370.247844      1.117191e-03
      219                       773   229599.588193      380.260353     -2.827566e-03
      220                       773   229591.919855      390.273196     -4.256718e-04
      221                       773   229584.251517      400.286372     -8.314662e-04
      222                       773   229576.583178      410.299882      2.931782e-04
      223                       773   229568.914840      420.313726      7.827104e-04
      224                       773   229561.246502      430.327903     -2.565682e-03
      225                       773   229553.578163      440.342414     -9.026548e-04
      226                       773   229545.909825      450.357258      9.661174e-04
      227                       773   229538.241487      460.372436      7.256545e-05
      228                       773   229530.573148      470.387947     -2.433550e-03
      229                       773   229522.904810      480.403792      4.832812e-04
      230                       773   229515.236472      490.419970      3.651787e-04
      231                       773   229507.568133      500.436482     -3.560974e-03
      232                       773   229499.899795      510.453328      7.781604e-04
      233                       773   229492.231457      520.470507      2.638628e-03
      234                       773   229484.563118      530.488020     -3.172046e-03
      235                       773   229476.894780      540.505866     -5.476035e-04
      236                       773   229469.226442      550.524046     -1.489609e-03
      237                       773   229461.558103      560.542559      9.531547e-04
      238                       773   229453.889765      570.561406     -1.510228e-03
      239                       773   229446.221427      580.580587     -2.979602e-04
      240                       773   229438.553088      590.600101      1.530509e-03
      241                       773   229430.884750      600.619949      2.219015e-03
      242                       773   229423.216411      610.640130     -8.686133e-04
      243                       773   229415.548073      620.660645      5.489921e-03
