# NGC_3628_CO.image, box=100,100,270,170, chans=, stokes=
# beam size: 1.37415025358 arcsec2, 34.3537563395 pixels
# Total flux: 1084.77930879 Jy.km/s
# Channel number_of_unmasked_pixels frequency_(MHz) Velocity_(km/s) Flux_density_(Jy)
        0                      1508   231278.954290    -1804.516775      3.550194e-03
        1                      1508   231271.285952    -1794.576980      5.679247e-03
        2                      1508   231263.617613    -1784.636852     -5.313395e-04
        3                      1508   231255.949275    -1774.696391     -5.708583e-03
        4                      1508   231248.280937    -1764.755595     -3.182291e-03
        5                      1508   231240.612598    -1754.814467     -1.427186e-03
        6                      1508   231232.944260    -1744.873005     -3.087109e-03
        7                      1508   231225.275922    -1734.931209     -3.102238e-04
        8                      1508   231217.607583    -1724.989080     -5.828521e-06
        9                      1508   231209.939245    -1715.046617      3.101005e-03
       10                      1508   231202.270907    -1705.103821      9.542612e-04
       11                      1508   231194.602568    -1695.160691      2.743409e-03
       12                      1508   231186.934230    -1685.217228      3.415095e-03
       13                      1508   231179.265892    -1675.273431      1.231959e-03
       14                      1508   231171.597553    -1665.329300      7.912598e-04
       15                      1508   231163.929215    -1655.384837      1.617414e-03
       16                      1508   231156.260877    -1645.440039      3.370324e-03
       17                      1508   231148.592538    -1635.494908      2.764657e-03
       18                      1508   231140.924200    -1625.549444      1.564464e-03
       19                      1508   231133.255862    -1615.603645     -1.352522e-03
       20                      1508   231125.587523    -1605.657514      2.178664e-03
       21                      1508   231117.919185    -1595.711049      9.277476e-04
       22                      1508   231110.250846    -1585.764250      1.479532e-03
       23                      1508   231102.582508    -1575.817118     -3.615515e-04
       24                      1508   231094.914170    -1565.869652     -5.932059e-03
       25                      1508   231087.245831    -1555.921853      1.898294e-04
       26                      1508   231079.577493    -1545.973720     -6.233102e-04
       27                      1508   231071.909155    -1536.025254     -1.384765e-04
       28                      1508   231064.240816    -1526.076454     -8.786448e-04
       29                      1508   231056.572478    -1516.127320     -6.413006e-05
       30                      1508   231048.904140    -1506.177853      5.557649e-04
       31                      1508   231041.235801    -1496.228053     -2.070116e-03
       32                      1508   231033.567463    -1486.277919     -2.392088e-03
       33                      1508   231025.899125    -1476.327451     -1.984070e-03
       34                      1508   231018.230786    -1466.376650      2.864025e-03
       35                      1508   231010.562448    -1456.425515     -1.735366e-03
       36                      1508   231002.894110    -1446.474047      1.259492e-03
       37                      1508   230995.225771    -1436.522245     -2.059052e-03
       38                      1508   230987.557433    -1426.570110      5.856021e-04
       39                      1508   230979.889095    -1416.617641      5.384852e-04
       40                      1508   230972.220756    -1406.664839      2.549736e-03
       41                      1508   230964.552418    -1396.711703     -1.223885e-03
       42                      1508   230956.884080    -1386.758234      3.054426e-03
       43                      1508   230949.215741    -1376.804431      4.139261e-04
       44                      1508   230941.547403    -1366.850294      1.712347e-03
       45                      1508   230933.879065    -1356.895824     -1.286630e-03
       46                      1508   230926.210726    -1346.941020     -1.786427e-03
       47                      1508   230918.542388    -1336.985883      2.267320e-03
       48                      1508   230910.874050    -1327.030412     -7.845365e-05
       49                      1508   230903.205711    -1317.074608      4.157259e-03
       50                      1508   230895.537373    -1307.118470     -2.692414e-03
       51                      1508   230887.869035    -1297.161999      1.452491e-03
       52                      1508   230880.200696    -1287.205194     -7.871750e-04
       53                      1508   230872.532358    -1277.248056     -2.393812e-04
       54                      1508   230864.864020    -1267.290584      1.109330e-03
       55                      1508   230857.195681    -1257.332778      1.866094e-03
       56                      1508   230849.527343    -1247.374639      1.151556e-03
       57                      1508   230841.859005    -1237.416166      3.470960e-03
       58                      1508   230834.190666    -1227.457360      6.995526e-04
       59                      1508   230826.522328    -1217.498220      8.113408e-04
       60                      1508   230818.853990    -1207.538747      2.607862e-03
       61                      1508   230811.185651    -1197.578940      8.033952e-04
       62                      1508   230803.517313    -1187.618800     -1.890077e-03
       63                      1508   230795.848975    -1177.658326     -1.242083e-03
       64                      1508   230788.180636    -1167.697519     -5.848706e-04
       65                      1508   230780.512298    -1157.736378     -3.259203e-03
       66                      1508   230772.843959    -1147.774903     -6.117172e-04
       67                      1508   230765.175621    -1137.813095      3.178482e-03
       68                      1508   230757.507283    -1127.850953      3.297778e-05
       69                      1508   230749.838944    -1117.888478     -7.004375e-04
       70                      1508   230742.170606    -1107.925669     -1.940579e-03
       71                      1508   230734.502268    -1097.962527      1.479080e-03
       72                      1508   230726.833929    -1087.999051      2.629799e-03
       73                      1508   230719.165591    -1078.035242     -5.308588e-04
       74                      1508   230711.497253    -1068.071099      3.615324e-04
       75                      1508   230703.828914    -1058.106622     -6.979522e-04
       76                      1508   230696.160576    -1048.141812     -4.327939e-03
       77                      1508   230688.492238    -1038.176668      9.911315e-04
       78                      1508   230680.823899    -1028.211191     -9.031463e-04
       79                      1508   230673.155561    -1018.245381      5.394112e-04
       80                      1508   230665.487223    -1008.279236      3.256939e-03
       81                      1508   230657.818884     -998.312758      7.939616e-04
       82                      1508   230650.150546     -988.345947     -1.753455e-03
       83                      1508   230642.482208     -978.378802     -1.484254e-05
       84                      1508   230634.813869     -968.411324     -1.936658e-03
       85                      1508   230627.145531     -958.443512     -8.120586e-05
       86                      1508   230619.477193     -948.475366     -3.738411e-04
       87                      1508   230611.808854     -938.506887      6.887328e-04
       88                      1508   230604.140516     -928.538074      3.371575e-03
       89                      1508   230596.472178     -918.568928      2.313287e-03
       90                      1508   230588.803839     -908.599448      7.420586e-04
       91                      1508   230581.135501     -898.629635     -1.385878e-03
       92                      1508   230573.467163     -888.659488      3.246896e-03
       93                      1508   230565.798824     -878.689007      7.850945e-04
       94                      1508   230558.130486     -868.718193     -1.118013e-03
       95                      1508   230550.462148     -858.747046      3.183144e-03
       96                      1508   230542.793809     -848.775564      2.087565e-03
       97                      1508   230535.125471     -838.803750      8.919076e-04
       98                      1508   230527.457133     -828.831601      2.867503e-03
       99                      1508   230519.788794     -818.859120      5.006967e-03
      100                      1508   230512.120456     -808.886304      3.069072e-03
      101                      1508   230504.452118     -798.913155      1.046667e-03
      102                      1508   230496.783779     -788.939673      1.473141e-03
      103                      1508   230489.115441     -778.965857     -4.548222e-04
      104                      1508   230481.447103     -768.991707      3.353111e-03
      105                      1508   230473.778764     -759.017224     -4.627015e-04
      106                      1508   230466.110426     -749.042407      2.656789e-03
      107                      1508   230458.442088     -739.067257      3.476321e-04
      108                      1508   230450.773749     -729.091773     -3.271827e-03
      109                      1508   230443.105411     -719.115956     -5.236261e-04
      110                      1508   230435.437072     -709.139805      1.738400e-03
      111                      1508   230427.768734     -699.163320     -8.929232e-04
      112                      1508   230420.100396     -689.186502     -1.881247e-03
      113                      1508   230412.432057     -679.209351     -1.227511e-03
      114                      1508   230404.763719     -669.231865      8.784407e-04
      115                      1508   230397.095381     -659.254047      7.646377e-04
      116                      1508   230389.427042     -649.275894     -2.788604e-03
      117                      1508   230381.758704     -639.297409      1.592656e-03
      118                      1508   230374.090366     -629.318589     -4.211545e-03
      119                      1508   230366.422027     -619.339436      1.921843e-03
      120                      1508   230358.753689     -609.359950      1.126007e-03
      121                      1508   230351.085351     -599.380129      2.724990e-03
      122                      1508   230343.417012     -589.399976     -2.062773e-03
      123                      1508   230335.748674     -579.419489     -1.421323e-03
      124                      1508   230328.080336     -569.438668     -2.517690e-03
      125                      1508   230320.411997     -559.457513     -1.838620e-03
      126                      1508   230312.743659     -549.476026     -2.299746e-04
      127                      1508   230305.075321     -539.494204     -1.221341e-03
      128                      1508   230297.406982     -529.512049      2.295288e-04
      129                      1508   230289.738644     -519.529560     -2.435102e-03
      130                      1508   230282.070306     -509.546738     -2.114199e-03
      131                      1508   230274.401967     -499.563583      1.698749e-03
      132                      1508   230266.733629     -489.580093      3.352206e-04
      133                      1508   230259.065291     -479.596270     -2.595842e-03
      134                      1508   230251.396952     -469.612114      2.318545e-04
      135                      1508   230243.728614     -459.627624     -1.189485e-03
      136                      1508   230236.060276     -449.642801     -4.782583e-04
      137                      1508   230228.391937     -439.657644     -2.312714e-03
      138                      1508   230220.723599     -429.672153     -2.553802e-03
      139                      1508   230213.055261     -419.686329      3.755008e-03
      140                      1508   230205.386922     -409.700171      4.897695e-04
      141                      1508   230197.718584     -399.713680     -2.310735e-03
      142                      1508   230190.050246     -389.726855      1.324651e-03
      143                      1508   230182.381907     -379.739696     -2.238177e-04
      144                      1508   230174.713569     -369.752204      5.200118e-04
      145                      1508   230167.045231     -359.764379     -3.091795e-03
      146                      1508   230159.376892     -349.776220      2.216277e-04
      147                      1508   230151.708554     -339.787727      2.063296e-03
      148                      1508   230144.040216     -329.798901      1.992292e-03
      149                      1508   230136.371877     -319.809741      3.680934e-03
      150                      1508   230128.703539     -309.820247      1.737400e-03
      151                      1508   230121.035201     -299.830420     -3.167380e-04
      152                      1508   230113.366862     -289.840260      7.638482e-04
      153                      1508   230105.698524     -279.849766     -3.318157e-03
      154                      1508   230098.030185     -269.858938     -1.380186e-03
      155                      1508   230090.361847     -259.867777     -9.767442e-04
      156                      1508   230082.693509     -249.876282     -3.958858e-04
      157                      1508   230075.025170     -239.884454     -1.395746e-03
      158                      1508   230067.356832     -229.892292     -8.063072e-05
      159                      1508   230059.688494     -219.899796      2.525649e-03
      160                      1508   230052.020155     -209.906967      5.622627e-03
      161                      1508   230044.351817     -199.913805      2.045068e-02
      162                      1508   230036.683479     -189.920309      8.485509e-02
      163                      1508   230029.015140     -179.926479      2.204275e-01
      164                      1508   230021.346802     -169.932316      4.927176e-01
      165                      1508   230013.678464     -159.937819      9.340338e-01
      166                      1508   230006.010125     -149.942988      1.413880e+00
      167                      1508   229998.341787     -139.947824      1.765636e+00
      168                      1508   229990.673449     -129.952327      2.114069e+00
      169                      1508   229983.005110     -119.956496      2.328878e+00
      170                      1508   229975.336772     -109.960331      2.322796e+00
      171                      1508   229967.668434      -99.963833      2.492593e+00
      172                      1508   229960.000095      -89.967001      2.856773e+00
      173                      1508   229952.331757      -79.969836      3.459096e+00
      174                      1508   229944.663419      -69.972337      3.890543e+00
      175                      1508   229936.995080      -59.974504      4.072661e+00
      176                      1508   229929.326742      -49.976338      4.638058e+00
      177                      1508   229921.658404      -39.977839      4.554033e+00
      178                      1508   229913.990065      -29.979006      4.208841e+00
      179                      1508   229906.321727      -19.979839      4.348497e+00
      180                      1508   229898.653389       -9.980338      4.310092e+00
      181                      1508   229890.985050        0.019495      4.265426e+00
      182                      1508   229883.316712       10.019663      4.395184e+00
      183                      1508   229875.648374       20.020164      4.298343e+00
      184                      1508   229867.980035       30.020998      3.974398e+00
      185                      1508   229860.311697       40.022166      3.875762e+00
      186                      1508   229852.643359       50.023668      3.673558e+00
      187                      1508   229844.975020       60.025503      3.555722e+00
      188                      1508   229837.306682       70.027672      3.315579e+00
      189                      1508   229829.638344       80.030175      3.082101e+00
      190                      1508   229821.970005       90.033011      3.145895e+00
      191                      1508   229814.301667      100.036180      3.295350e+00
      192                      1508   229806.633329      110.039683      3.456197e+00
      193                      1508   229798.964990      120.043520      3.155900e+00
      194                      1508   229791.296652      130.047690      2.753886e+00
      195                      1508   229783.628314      140.052194      2.488030e+00
      196                      1508   229775.959975      150.057031      2.066808e+00
      197                      1508   229768.291637      160.062202      1.496063e+00
      198                      1508   229760.623298      170.067706      1.025369e+00
      199                      1508   229752.954960      180.073544      4.504769e-01
      200                      1508   229745.286622      190.079716      9.514809e-02
      201                      1508   229737.618283      200.086221      2.444566e-02
      202                      1508   229729.949945      210.093060      6.591439e-03
      203                      1508   229722.281607      220.100232      1.463520e-03
      204                      1508   229714.613268      230.107738      1.836888e-03
      205                      1508   229706.944930      240.115577      2.567360e-03
      206                      1508   229699.276592      250.123750     -3.567007e-03
      207                      1508   229691.608253      260.132257      2.333604e-04
      208                      1508   229683.939915      270.141097      4.886258e-03
      209                      1508   229676.271577      280.150271      2.414447e-03
      210                      1508   229668.603238      290.159778      7.501543e-04
      211                      1508   229660.934900      300.169619     -1.837216e-03
      212                      1508   229653.266562      310.179793      1.633249e-03
      213                      1508   229645.598223      320.190301      1.518522e-03
      214                      1508   229637.929885      330.201142     -2.617146e-03
      215                      1508   229630.261547      340.212317     -1.275748e-03
      216                      1508   229622.593208      350.223826     -1.308516e-03
      217                      1508   229614.924870      360.235668      5.690150e-03
      218                      1508   229607.256532      370.247844      2.141823e-04
      219                      1508   229599.588193      380.260353     -4.630543e-03
      220                      1508   229591.919855      390.273196     -2.765921e-03
      221                      1508   229584.251517      400.286372     -1.006647e-03
      222                      1508   229576.583178      410.299882      1.240797e-03
      223                      1508   229568.914840      420.313726     -1.953004e-03
      224                      1508   229561.246502      430.327903     -1.136655e-03
      225                      1508   229553.578163      440.342414      8.806738e-04
      226                      1508   229545.909825      450.357258      1.690381e-05
      227                      1508   229538.241487      460.372436      1.797135e-03
      228                      1508   229530.573148      470.387947     -2.719212e-03
      229                      1508   229522.904810      480.403792     -1.822560e-03
      230                      1508   229515.236472      490.419970      1.638570e-04
      231                      1508   229507.568133      500.436482     -1.915933e-03
      232                      1508   229499.899795      510.453328      6.745782e-03
      233                      1508   229492.231457      520.470507      1.811184e-03
      234                      1508   229484.563118      530.488020     -3.447912e-03
      235                      1508   229476.894780      540.505866     -7.074095e-04
      236                      1508   229469.226442      550.524046     -3.282096e-03
      237                      1508   229461.558103      560.542559      3.274486e-03
      238                      1508   229453.889765      570.561406     -6.045414e-04
      239                      1508   229446.221427      580.580587      2.401801e-03
      240                      1508   229438.553088      590.600101     -1.027512e-03
      241                      1508   229430.884750      600.619949      2.543258e-03
      242                      1508   229423.216411      610.640130     -2.350892e-03
      243                      1508   229415.548073      620.660645      4.455215e-03
