# NGC_3628_H30a.lineimage, box=105,105,290,200, chans=, stokes=
# multiple beams
# Total flux: 0.88476459204 Jy.km/s
# Channel number_of_unmasked_pixels frequency_(MHz) Velocity_(km/s) Flux_density_(Jy)
        0                      9229   232654.759502    -1815.598714     -5.460749e-03
        1                      9229   232647.045832    -1805.659292     -1.167127e-04
        2                      9229   232639.332163    -1795.719535     -5.369982e-04
        3                      9229   232631.618493    -1785.779446     -1.505506e-03
        4                      9229   232623.904823    -1775.839022     -1.179748e-03
        5                      9229   232616.191153    -1765.898266     -9.936061e-04
        6                      9229   232608.477484    -1755.957175      2.323436e-03
        7                      9229   232600.763814    -1746.015752      7.613432e-03
        8                      9229   232593.050144    -1736.073994      8.109589e-04
        9                      9229   232585.336475    -1726.131903     -2.482862e-03
       10                      9229   232577.622805    -1716.189479      7.208302e-04
       11                      9229   232569.909135    -1706.246721      2.243349e-03
       12                      9229   232562.195466    -1696.303630     -4.704383e-03
       13                      9229   232554.481796    -1686.360205      1.248870e-03
       14                      9229   232546.768126    -1676.416446     -5.725702e-03
       15                      9229   232539.054456    -1666.472354     -3.152680e-03
       16                      9229   232531.340787    -1656.527928      5.861087e-03
       17                      9229   232523.627117    -1646.583169      3.190707e-03
       18                      9229   232515.913447    -1636.638077      7.611078e-04
       19                      9229   232508.199778    -1626.692651      4.469184e-03
       20                      9229   232500.486108    -1616.746891     -9.452288e-03
       21                      9229   232492.772438    -1606.800798      2.391702e-03
       22                      9229   232485.058769    -1596.854371      3.281683e-03
       23                      9229   232477.345099    -1586.907610     -5.319815e-03
       24                      9229   232469.631429    -1576.960517     -2.266532e-03
       25                      9229   232461.917759    -1567.013089     -2.000483e-03
       26                      9229   232454.204090    -1557.065328      2.412067e-03
       27                      9229   232446.490420    -1547.117234     -2.106360e-03
       28                      9229   232438.776750    -1537.168806     -2.379899e-03
       29                      9229   232431.063081    -1527.220044     -8.651515e-04
       30                      9229   232423.349411    -1517.270949     -1.865837e-03
       31                      9229   232415.635741    -1507.321520     -8.337295e-04
       32                      9229   232407.922072    -1497.371758     -9.681589e-03
       33                      9229   232400.208402    -1487.421662      2.625112e-04
       34                      9229   232392.494732    -1477.471233      8.760557e-04
       35                      9229   232384.781062    -1467.520470     -1.739917e-04
       36                      9229   232377.067393    -1457.569374      1.450495e-03
       37                      9229   232369.353723    -1447.617944     -5.577213e-03
       38                      9229   232361.640053    -1437.666181     -2.284263e-03
       39                      9229   232353.926384    -1427.714084      8.719250e-04
       40                      9229   232346.212714    -1417.761653     -2.726142e-03
       41                      9229   232338.499044    -1407.808889      5.565638e-03
       42                      9229   232330.785375    -1397.855792      1.290311e-03
       43                      9229   232323.071705    -1387.902361      8.579625e-04
       44                      9229   232315.358035    -1377.948596      1.316713e-03
       45                      9229   232307.644365    -1367.994498      1.102910e-03
       46                      9229   232299.930696    -1358.040066      2.649431e-03
       47                      9229   232292.217026    -1348.085301      1.773860e-03
       48                      9229   232284.503356    -1338.130202     -4.679873e-04
       49                      9229   232276.789687    -1328.174770      3.955932e-04
       50                      9229   232269.076017    -1318.219004     -5.659874e-04
       51                      9229   232261.362347    -1308.262904      1.923449e-03
       52                      9229   232253.648678    -1298.306471     -4.743707e-04
       53                      9229   232245.935008    -1288.349705     -1.698902e-03
       54                      9229   232238.221338    -1278.392604     -3.153561e-03
       55                      9229   232230.507668    -1268.435171     -7.357972e-03
       56                      9229   232222.793999    -1258.477404     -7.561823e-04
       57                      9229   232215.080329    -1248.519303      3.819881e-03
       58                      9229   232207.366659    -1238.560869      1.493966e-03
       59                      9229   232199.652990    -1228.602101      1.731169e-03
       60                      9229   232191.939320    -1218.642999      3.538892e-03
       61                      9229   232184.225650    -1208.683564     -4.216695e-04
       62                      9229   232176.511981    -1198.723796     -3.561375e-03
       63                      9229   232168.798311    -1188.763694     -4.366886e-03
       64                      9229   232161.084641    -1178.803258      1.197798e-03
       65                      9229   232153.370971    -1168.842489     -5.906557e-03
       66                      9229   232145.657302    -1158.881386      1.268963e-03
       67                      9229   232137.943632    -1148.919950      1.727155e-03
       68                      9229   232130.229962    -1138.958180      3.656920e-04
       69                      9229   232122.516293    -1128.996077     -5.820185e-04
       70                      9229   232114.802623    -1119.033640     -1.507199e-03
       71                      9229   232107.088953    -1109.070870      1.411724e-03
       72                      9229   232099.375283    -1099.107766     -2.452743e-03
       73                      9229   232091.661614    -1089.144328     -3.545764e-03
       74                      9229   232083.947944    -1079.180557     -5.303569e-04
       75                      9229   232076.234274    -1069.216453     -6.048131e-03
       76                      9229   232068.520605    -1059.252014      2.304665e-03
       77                      9229   232060.806935    -1049.287243      5.205257e-03
       78                      9229   232053.093265    -1039.322137     -3.185477e-04
       79                      9229   232045.379596    -1029.356699      3.570590e-03
       80                      9229   232037.665926    -1019.390926     -2.481059e-03
       81                      9229   232029.952256    -1009.424820     -3.424144e-03
       82                      9229   232022.238586     -999.458381      1.306696e-03
       83                      9229   232014.524917     -989.491608      9.780471e-04
       84                      9229   232006.811247     -979.524501     -1.816560e-03
       85                      9229   231999.097577     -969.557061      2.039944e-03
       86                      9229   231991.383908     -959.589287     -3.452660e-04
       87                      9229   231983.670238     -949.621180      9.617970e-03
       88                      9229   231975.956568     -939.652739      3.092214e-03
       89                      9229   231968.242899     -929.683965      1.729554e-03
       90                      9229   231960.529229     -919.714857      1.839423e-03
       91                      9229   231952.815559     -909.745415     -6.034713e-03
       92                      9229   231945.101889     -899.775640      5.106928e-04
       93                      9229   231937.388220     -889.805532      1.827583e-03
       94                      9229   231929.674550     -879.835090      3.238399e-03
       95                      9229   231921.960880     -869.864314      1.122252e-03
       96                      9229   231914.247211     -859.893205      2.258010e-03
       97                      9229   231906.533541     -849.921762      8.284433e-04
       98                      9229   231898.819871     -839.949986     -5.517223e-05
       99                      9229   231891.106202     -829.977876      4.006363e-03
      100                      9229   231883.392532     -820.005432      7.229828e-03
      101                      9229   231875.678862     -810.032655      1.084427e-03
      102                      9229   231867.965192     -800.059545     -8.476460e-04
      103                      9229   231860.251523     -790.086100     -1.039629e-05
      104                      9229   231852.537853     -780.112323      3.128542e-03
      105                      9229   231844.824183     -770.138211      2.609581e-03
      106                      9229   231837.110514     -760.163767      2.358337e-03
      107                      9229   231829.396844     -750.188988     -7.931787e-04
      108                      9229   231821.683174     -740.213876     -4.411009e-03
      109                      9229   231813.969505     -730.238431     -2.024293e-03
      110                      9229   231806.255835     -720.262652     -2.892599e-03
      111                      9229   231798.542165     -710.286539     -1.140936e-03
      112                      9229   231790.828495     -700.310093      3.784967e-03
      113                      9229   231783.114826     -690.333313      4.467338e-03
      114                      9229   231775.401156     -680.356200      1.206436e-03
      115                      9229   231767.687486     -670.378753      6.241094e-03
      116                      9229   231759.973817     -660.400973      9.415469e-04
      117                      9229   231752.260147     -650.422859     -1.525493e-03
      118                      9229   231744.546477     -640.444411      1.679846e-03
      119                      9229   231736.832808     -630.465630      1.697775e-03
      120                      9229   231729.119138     -620.486515      6.849581e-03
      121                      9229   231721.405468     -610.507067     -1.772875e-03
      122                      9229   231713.691798     -600.527285     -2.608835e-03
      123                      9229   231705.978129     -590.547170     -5.834292e-05
      124                      9229   231698.264459     -580.566721     -4.566056e-03
      125                      9229   231690.550789     -570.585939      1.076829e-04
      126                      9229   231682.837120     -560.604823     -1.312595e-03
      127                      9229   231675.123450     -550.623373      4.900739e-04
      128                      9229   231667.409780     -540.641590     -2.018890e-05
      129                      9229   231659.696111     -530.659473      2.538204e-03
      130                      9229   231651.982441     -520.677023     -1.583794e-03
      131                      9229   231644.268771     -510.694239      4.885006e-03
      132                      9229   231636.555101     -500.711122      5.464674e-04
      133                      9229   231628.841432     -490.727671      1.838779e-03
      134                      9229   231621.127762     -480.743887      6.958600e-03
      135                      9229   231613.414092     -470.759769      6.588325e-03
      136                      9229   231605.700423     -460.775317     -2.059404e-03
      137                      9229   231597.986753     -450.790532      9.355782e-04
      138                      9229   231590.273083     -440.805413      2.599084e-03
      139                      9229   231582.559413     -430.819961      1.160169e-03
      140                      9229   231574.845744     -420.834175     -1.396208e-03
      141                      9229   231567.132074     -410.848055     -2.453070e-03
      142                      9229   231559.418404     -400.861602     -1.872516e-03
      143                      9229   231551.704735     -390.874816      3.632157e-03
      144                      9229   231543.991065     -380.887696     -4.376055e-04
      145                      9229   231536.277395     -370.900242     -2.669177e-03
      146                      9229   231528.563726     -360.912455     -2.502311e-03
      147                      9229   231520.850056     -350.924334      2.499489e-03
      148                      9229   231513.136386     -340.935880     -1.045349e-04
      149                      9229   231505.422716     -330.947092     -6.337947e-03
      150                      9229   231497.709047     -320.957970     -3.911930e-03
      151                      9229   231489.995377     -310.968515      3.360129e-03
      152                      9229   231482.281707     -300.978727     -2.370996e-04
      153                      9229   231474.568038     -290.988604     -1.996405e-04
      154                      9229   231466.854368     -280.998149      6.938723e-03
      155                      9229   231459.140698     -271.007359     -4.923013e-03
      156                      9229   231451.427029     -261.016237      2.680472e-03
      157                      9229   231443.713359     -251.024780      2.353919e-03
      158                      9229   231435.999689     -241.032990     -2.442126e-03
      159                      9229   231428.286019     -231.040867     -9.435167e-04
      160                      9229   231420.572350     -221.048409      2.396871e-03
      161                      9229   231412.858680     -211.055619      1.140344e-04
      162                      9229   231405.145010     -201.062494      4.514196e-03
      163                      9229   231397.431341     -191.069037     -3.451528e-03
      164                      9229   231389.717671     -181.075245      5.563204e-03
      165                      9229   231382.004001     -171.081120      6.481176e-03
      166                      9229   231374.290332     -161.086662      1.496960e-03
      167                      9229   231366.576662     -151.091870      3.738424e-03
      168                      9229   231358.862992     -141.096744     -1.177960e-05
      169                      9229   231351.149322     -131.101285      3.595310e-03
      170                      9229   231343.435653     -121.105492      1.624037e-03
      171                      9229   231335.721983     -111.109366      8.461234e-03
      172                      9229   231328.008313     -101.112906      2.527846e-03
      173                      9229   231320.294644      -91.116113      1.284401e-02
      174                      9229   231312.580974      -81.118986      1.343865e-03
      175                      9229   231304.867304      -71.121525      1.753207e-03
      176                      9229   231297.153635      -61.123731      1.647478e-05
      177                      9229   231289.439965      -51.125603      1.288889e-03
      178                      9229   231281.726295      -41.127142      7.087516e-03
      179                      9229   231274.012625      -31.128347      3.340588e-03
      180                      9229   231266.298956      -21.129219     -5.453725e-03
      181                      9229   231258.585286      -11.129757      9.420109e-03
      182                      9229   231250.871616       -1.129961     -4.276372e-03
      183                      9229   231243.157947        8.870168      3.995635e-03
      184                      9229   231235.444277       18.870631     -4.821728e-03
      185                      9229   231227.730607       28.871427      4.050671e-03
      186                      9229   231220.016938       38.872557      3.345646e-03
      187                      9229   231212.303268       48.874020      1.076286e-02
      188                      9229   231204.589598       58.875817      1.813273e-03
      189                      9229   231196.875928       68.877947      3.157339e-03
      190                      9229   231189.162259       78.880411      3.712055e-03
      191                      9229   231181.448589       88.883209      5.448637e-03
      192                      9229   231173.734919       98.886340      6.146234e-03
      193                      9229   231166.021250      108.889805     -5.341015e-03
      194                      9229   231158.307580      118.893603      4.256849e-03
      195                      9229   231150.593910      128.897735     -4.494893e-03
      196                      9229   231142.880241      138.902200     -2.911265e-03
      197                      9229   231135.166571      148.906999      9.857821e-04
      198                      9229   231127.452901      158.912132     -3.394088e-03
      199                      9229   231119.739231      168.917598     -4.179953e-03
      200                      9229   231112.025562      178.923398      1.085461e-03
      201                      9229   231104.311892      188.929531     -7.572213e-03
      202                      9229   231096.598222      198.935998      6.299876e-04
      203                      9229   231088.884553      208.942798      9.027966e-03
      204                      9229   231081.170883      218.949932     -3.513290e-04
      205                      9229   231073.457213      228.957400      2.646942e-03
      206                      9229   231065.743543      238.965201     -1.087118e-03
      207                      9229   231058.029874      248.973335     -8.089363e-05
      208                      9229   231050.316204      258.981804      3.175278e-04
      209                      9229   231042.602534      268.990605     -5.029063e-03
      210                      9229   231034.888865      278.999741     -2.727547e-03
      211                      9229   231027.175195      289.009209      2.109722e-03
      212                      9229   231019.461525      299.019012      2.899849e-03
      213                      9229   231011.747856      309.029148     -1.827878e-03
      214                      9229   231004.034186      319.039617     -4.796526e-03
      215                      9229   230996.320516      329.050421     -2.348298e-03
      216                      9229   230988.606846      339.061557     -2.554446e-03
      217                      9229   230980.893177      349.073028     -2.246142e-03
      218                      9229   230973.179507      359.084831     -3.511926e-03
      219                      9229   230965.465837      369.096969      2.680394e-04
      220                      9229   230957.752168      379.109440     -1.945913e-03
      221                      9229   230950.038498      389.122244      4.532089e-03
      222                      9229   230942.324828      399.135382     -2.034379e-03
      223                      9229   230934.611159      409.148854     -1.524281e-04
      224                      9229   230926.897489      419.162659     -1.891513e-03
      225                      9229   230919.183819      429.176798      4.425197e-04
      226                      9229   230911.470149      439.191270      7.126405e-03
      227                      9229   230903.756480      449.206076      1.043735e-03
      228                      9229   230896.042810      459.221215     -7.315703e-03
      229                      9229   230888.329140      469.236688      2.313740e-03
      230                      9229   230880.615471      479.252495     -9.862619e-04
      231                      9229   230872.901801      489.268635     -1.354903e-03
      232                      9229   230865.188131      499.285109     -3.841569e-03
      233                      9229   230857.474462      509.301916      1.285274e-03
      234                      9229   230849.760792      519.319057      2.382506e-03
      235                      9229   230842.047122      529.336531     -5.047046e-03
      236                      9229   230834.333452      539.354339     -4.070749e-03
      237                      9229   230826.619783      549.372481     -4.698986e-05
      238                      9229   230818.906113      559.390956     -1.201410e-04
      239                      9229   230811.192443      569.409764     -5.674608e-04
      240                      9229   230803.478774      579.428907      3.927139e-03
      241                      9229   230795.765104      589.448382      4.635343e-03
      242                      9229   230788.051434      599.468192     -5.368564e-03
