# NGC_3628_H30a.lineimage, box=105,105,290,200, chans=, stokes=
# multiple beams
# Total flux: 1.21935747281 Jy.km/s
# Channel number_of_unmasked_pixels frequency_(MHz) Velocity_(km/s) Flux_density_(Jy)
        0                      7127   232654.759502    -1815.598714     -3.815511e-03
        1                      7127   232647.045832    -1805.659292     -8.699055e-04
        2                      7127   232639.332163    -1795.719535      5.960416e-04
        3                      7127   232631.618493    -1785.779446     -4.082717e-04
        4                      7127   232623.904823    -1775.839022     -3.023371e-03
        5                      7127   232616.191153    -1765.898266     -1.414427e-03
        6                      7127   232608.477484    -1755.957175      5.232771e-03
        7                      7127   232600.763814    -1746.015752      2.485689e-03
        8                      7127   232593.050144    -1736.073994      2.970569e-03
        9                      7127   232585.336475    -1726.131903     -4.466367e-03
       10                      7127   232577.622805    -1716.189479      2.181334e-03
       11                      7127   232569.909135    -1706.246721      2.993335e-03
       12                      7127   232562.195466    -1696.303630     -4.719140e-03
       13                      7127   232554.481796    -1686.360205      2.659894e-03
       14                      7127   232546.768126    -1676.416446     -4.796208e-03
       15                      7127   232539.054456    -1666.472354     -3.513717e-03
       16                      7127   232531.340787    -1656.527928      6.200416e-03
       17                      7127   232523.627117    -1646.583169      5.087000e-03
       18                      7127   232515.913447    -1636.638077     -1.861863e-03
       19                      7127   232508.199778    -1626.692651      1.344479e-03
       20                      7127   232500.486108    -1616.746891     -8.900752e-03
       21                      7127   232492.772438    -1606.800798      4.633689e-03
       22                      7127   232485.058769    -1596.854371      4.437047e-03
       23                      7127   232477.345099    -1586.907610     -4.058437e-03
       24                      7127   232469.631429    -1576.960517     -5.177281e-03
       25                      7127   232461.917759    -1567.013089     -2.564419e-03
       26                      7127   232454.204090    -1557.065328      1.027484e-03
       27                      7127   232446.490420    -1547.117234     -1.518434e-03
       28                      7127   232438.776750    -1537.168806     -1.959837e-03
       29                      7127   232431.063081    -1527.220044     -2.459148e-03
       30                      7127   232423.349411    -1517.270949      1.333448e-03
       31                      7127   232415.635741    -1507.321520      1.595339e-03
       32                      7127   232407.922072    -1497.371758     -7.202600e-03
       33                      7127   232400.208402    -1487.421662     -1.113881e-04
       34                      7127   232392.494732    -1477.471233      6.730238e-03
       35                      7127   232384.781062    -1467.520470      1.519631e-03
       36                      7127   232377.067393    -1457.569374      2.328796e-03
       37                      7127   232369.353723    -1447.617944     -5.498120e-03
       38                      7127   232361.640053    -1437.666181     -2.592144e-03
       39                      7127   232353.926384    -1427.714084      3.283370e-04
       40                      7127   232346.212714    -1417.761653     -2.050183e-03
       41                      7127   232338.499044    -1407.808889      2.580435e-03
       42                      7127   232330.785375    -1397.855792      1.105038e-03
       43                      7127   232323.071705    -1387.902361      3.282764e-03
       44                      7127   232315.358035    -1377.948596      2.056756e-03
       45                      7127   232307.644365    -1367.994498      2.268274e-03
       46                      7127   232299.930696    -1358.040066      3.616917e-03
       47                      7127   232292.217026    -1348.085301     -8.462998e-04
       48                      7127   232284.503356    -1338.130202     -3.532802e-03
       49                      7127   232276.789687    -1328.174770     -2.976269e-03
       50                      7127   232269.076017    -1318.219004      1.557639e-04
       51                      7127   232261.362347    -1308.262904      3.917832e-03
       52                      7127   232253.648678    -1298.306471      1.554065e-03
       53                      7127   232245.935008    -1288.349705     -5.773511e-04
       54                      7127   232238.221338    -1278.392604     -1.434240e-03
       55                      7127   232230.507668    -1268.435171     -7.866487e-03
       56                      7127   232222.793999    -1258.477404     -4.663754e-03
       57                      7127   232215.080329    -1248.519303      5.174365e-03
       58                      7127   232207.366659    -1238.560869     -6.142777e-04
       59                      7127   232199.652990    -1228.602101     -1.675343e-04
       60                      7127   232191.939320    -1218.642999      2.031148e-03
       61                      7127   232184.225650    -1208.683564     -4.755381e-04
       62                      7127   232176.511981    -1198.723796     -5.574220e-03
       63                      7127   232168.798311    -1188.763694     -1.318132e-04
       64                      7127   232161.084641    -1178.803258     -1.825886e-04
       65                      7127   232153.370971    -1168.842489     -5.332588e-03
       66                      7127   232145.657302    -1158.881386     -2.436425e-03
       67                      7127   232137.943632    -1148.919950      1.939597e-03
       68                      7127   232130.229962    -1138.958180     -2.829590e-03
       69                      7127   232122.516293    -1128.996077      6.384328e-04
       70                      7127   232114.802623    -1119.033640     -2.832074e-03
       71                      7127   232107.088953    -1109.070870      4.909809e-03
       72                      7127   232099.375283    -1099.107766      1.275245e-03
       73                      7127   232091.661614    -1089.144328     -5.677234e-04
       74                      7127   232083.947944    -1079.180557     -1.359357e-03
       75                      7127   232076.234274    -1069.216453     -5.713558e-03
       76                      7127   232068.520605    -1059.252014     -2.840708e-06
       77                      7127   232060.806935    -1049.287243      2.608555e-04
       78                      7127   232053.093265    -1039.322137     -6.106782e-04
       79                      7127   232045.379596    -1029.356699      3.535144e-03
       80                      7127   232037.665926    -1019.390926     -1.250661e-03
       81                      7127   232029.952256    -1009.424820     -3.028501e-03
       82                      7127   232022.238586     -999.458381      1.159984e-03
       83                      7127   232014.524917     -989.491608      4.482809e-03
       84                      7127   232006.811247     -979.524501      5.202633e-04
       85                      7127   231999.097577     -969.557061      2.438503e-04
       86                      7127   231991.383908     -959.589287     -3.364028e-03
       87                      7127   231983.670238     -949.621180      9.574722e-03
       88                      7127   231975.956568     -939.652739      2.521914e-05
       89                      7127   231968.242899     -929.683965      2.573172e-04
       90                      7127   231960.529229     -919.714857      3.352423e-04
       91                      7127   231952.815559     -909.745415     -2.718169e-03
       92                      7127   231945.101889     -899.775640      5.421452e-04
       93                      7127   231937.388220     -889.805532      3.740605e-03
       94                      7127   231929.674550     -879.835090      2.226630e-03
       95                      7127   231921.960880     -869.864314     -1.409702e-04
       96                      7127   231914.247211     -859.893205     -3.654904e-03
       97                      7127   231906.533541     -849.921762      2.813450e-03
       98                      7127   231898.819871     -839.949986      4.717483e-03
       99                      7127   231891.106202     -829.977876      5.570631e-03
      100                      7127   231883.392532     -820.005432      4.996811e-03
      101                      7127   231875.678862     -810.032655      3.441239e-03
      102                      7127   231867.965192     -800.059545      2.253711e-03
      103                      7127   231860.251523     -790.086100      9.649111e-05
      104                      7127   231852.537853     -780.112323      5.287562e-03
      105                      7127   231844.824183     -770.138211     -1.432949e-03
      106                      7127   231837.110514     -760.163767      2.703885e-03
      107                      7127   231829.396844     -750.188988     -1.905930e-03
      108                      7127   231821.683174     -740.213876     -5.145395e-03
      109                      7127   231813.969505     -730.238431     -5.253625e-04
      110                      7127   231806.255835     -720.262652     -3.417161e-03
      111                      7127   231798.542165     -710.286539     -5.873019e-04
      112                      7127   231790.828495     -700.310093      1.250802e-03
      113                      7127   231783.114826     -690.333313      3.041064e-03
      114                      7127   231775.401156     -680.356200     -1.145860e-04
      115                      7127   231767.687486     -670.378753      5.431792e-03
      116                      7127   231759.973817     -660.400973     -2.456499e-03
      117                      7127   231752.260147     -650.422859     -5.758282e-03
      118                      7127   231744.546477     -640.444411     -1.379303e-03
      119                      7127   231736.832808     -630.465630      1.414679e-03
      120                      7127   231729.119138     -620.486515      8.433768e-03
      121                      7127   231721.405468     -610.507067      2.294320e-03
      122                      7127   231713.691798     -600.527285     -2.980471e-03
      123                      7127   231705.978129     -590.547170      1.282762e-03
      124                      7127   231698.264459     -580.566721     -2.962860e-03
      125                      7127   231690.550789     -570.585939     -1.982246e-03
      126                      7127   231682.837120     -560.604823     -1.770998e-03
      127                      7127   231675.123450     -550.623373      7.087186e-04
      128                      7127   231667.409780     -540.641590     -5.809939e-04
      129                      7127   231659.696111     -530.659473      6.975098e-04
      130                      7127   231651.982441     -520.677023     -9.909954e-04
      131                      7127   231644.268771     -510.694239      4.642143e-03
      132                      7127   231636.555101     -500.711122      2.486902e-05
      133                      7127   231628.841432     -490.727671      2.440378e-03
      134                      7127   231621.127762     -480.743887      1.383529e-03
      135                      7127   231613.414092     -470.759769      3.858941e-03
      136                      7127   231605.700423     -460.775317     -7.147516e-04
      137                      7127   231597.986753     -450.790532      1.593349e-04
      138                      7127   231590.273083     -440.805413      1.521745e-03
      139                      7127   231582.559413     -430.819961      3.998970e-05
      140                      7127   231574.845744     -420.834175     -1.988081e-03
      141                      7127   231567.132074     -410.848055      1.326509e-04
      142                      7127   231559.418404     -400.861602     -3.481535e-03
      143                      7127   231551.704735     -390.874816      2.950932e-04
      144                      7127   231543.991065     -380.887696     -2.852358e-03
      145                      7127   231536.277395     -370.900242      2.161477e-04
      146                      7127   231528.563726     -360.912455     -4.207031e-03
      147                      7127   231520.850056     -350.924334      8.242356e-03
      148                      7127   231513.136386     -340.935880      2.195942e-03
      149                      7127   231505.422716     -330.947092     -1.921859e-03
      150                      7127   231497.709047     -320.957970     -2.237200e-03
      151                      7127   231489.995377     -310.968515      4.427309e-03
      152                      7127   231482.281707     -300.978727     -4.282362e-03
      153                      7127   231474.568038     -290.988604     -6.433133e-04
      154                      7127   231466.854368     -280.998149      5.149808e-03
      155                      7127   231459.140698     -271.007359     -4.849315e-03
      156                      7127   231451.427029     -261.016237      1.003284e-03
      157                      7127   231443.713359     -251.024780      2.585303e-03
      158                      7127   231435.999689     -241.032990     -1.417745e-03
      159                      7127   231428.286019     -231.040867      2.410569e-03
      160                      7127   231420.572350     -221.048409      6.821537e-04
      161                      7127   231412.858680     -211.055619      8.298571e-04
      162                      7127   231405.145010     -201.062494      1.783910e-03
      163                      7127   231397.431341     -191.069037     -5.622474e-03
      164                      7127   231389.717671     -181.075245      3.804804e-03
      165                      7127   231382.004001     -171.081120      1.017721e-02
      166                      7127   231374.290332     -161.086662     -2.875843e-03
      167                      7127   231366.576662     -151.091870      1.148193e-03
      168                      7127   231358.862992     -141.096744      2.624359e-04
      169                      7127   231351.149322     -131.101285      5.091636e-03
      170                      7127   231343.435653     -121.105492     -3.817370e-04
      171                      7127   231335.721983     -111.109366      5.286363e-03
      172                      7127   231328.008313     -101.112906      7.099384e-03
      173                      7127   231320.294644      -91.116113      1.395529e-02
      174                      7127   231312.580974      -81.118986      6.254670e-03
      175                      7127   231304.867304      -71.121525      4.498397e-03
      176                      7127   231297.153635      -61.123731     -7.750702e-04
      177                      7127   231289.439965      -51.125603      6.021009e-03
      178                      7127   231281.726295      -41.127142      8.329598e-03
      179                      7127   231274.012625      -31.128347     -2.893477e-04
      180                      7127   231266.298956      -21.129219      5.812612e-03
      181                      7127   231258.585286      -11.129757      9.451948e-03
      182                      7127   231250.871616       -1.129961     -1.438268e-03
      183                      7127   231243.157947        8.870168      7.301279e-03
      184                      7127   231235.444277       18.870631     -4.744573e-03
      185                      7127   231227.730607       28.871427      6.343820e-03
      186                      7127   231220.016938       38.872557      5.465135e-03
      187                      7127   231212.303268       48.874020      1.443937e-02
      188                      7127   231204.589598       58.875817      3.335292e-03
      189                      7127   231196.875928       68.877947     -2.264928e-03
      190                      7127   231189.162259       78.880411      3.657598e-03
      191                      7127   231181.448589       88.883209      7.959377e-03
      192                      7127   231173.734919       98.886340      4.101880e-03
      193                      7127   231166.021250      108.889805     -2.236972e-03
      194                      7127   231158.307580      118.893603      5.011432e-03
      195                      7127   231150.593910      128.897735     -4.434145e-03
      196                      7127   231142.880241      138.902200      1.185352e-03
      197                      7127   231135.166571      148.906999     -1.513951e-03
      198                      7127   231127.452901      158.912132     -1.735814e-04
      199                      7127   231119.739231      168.917598     -5.967319e-03
      200                      7127   231112.025562      178.923398      2.393867e-03
      201                      7127   231104.311892      188.929531     -8.604075e-03
      202                      7127   231096.598222      198.935998      3.325447e-03
      203                      7127   231088.884553      208.942798      4.589269e-03
      204                      7127   231081.170883      218.949932     -6.368330e-04
      205                      7127   231073.457213      228.957400      2.135105e-03
      206                      7127   231065.743543      238.965201      4.040835e-04
      207                      7127   231058.029874      248.973335     -3.116913e-03
      208                      7127   231050.316204      258.981804     -9.320242e-04
      209                      7127   231042.602534      268.990605     -4.695036e-03
      210                      7127   231034.888865      278.999741     -2.757481e-03
      211                      7127   231027.175195      289.009209      6.851826e-03
      212                      7127   231019.461525      299.019012      4.979885e-03
      213                      7127   231011.747856      309.029148     -1.109261e-03
      214                      7127   231004.034186      319.039617     -1.638964e-03
      215                      7127   230996.320516      329.050421     -2.147198e-04
      216                      7127   230988.606846      339.061557     -3.010128e-03
      217                      7127   230980.893177      349.073028     -3.164790e-03
      218                      7127   230973.179507      359.084831     -1.615673e-03
      219                      7127   230965.465837      369.096969     -1.734761e-03
      220                      7127   230957.752168      379.109440     -4.390552e-06
      221                      7127   230950.038498      389.122244      4.623333e-03
      222                      7127   230942.324828      399.135382     -2.609044e-03
      223                      7127   230934.611159      409.148854      2.284192e-03
      224                      7127   230926.897489      419.162659     -1.966055e-03
      225                      7127   230919.183819      429.176798      1.348718e-03
      226                      7127   230911.470149      439.191270      6.787482e-03
      227                      7127   230903.756480      449.206076     -1.573428e-03
      228                      7127   230896.042810      459.221215     -5.576827e-03
      229                      7127   230888.329140      469.236688      1.877360e-03
      230                      7127   230880.615471      479.252495     -2.984394e-03
      231                      7127   230872.901801      489.268635     -1.080718e-03
      232                      7127   230865.188131      499.285109     -3.685271e-03
      233                      7127   230857.474462      509.301916      2.744183e-03
      234                      7127   230849.760792      519.319057      5.659107e-03
      235                      7127   230842.047122      529.336531     -2.236417e-03
      236                      7127   230834.333452      539.354339     -4.986707e-04
      237                      7127   230826.619783      549.372481     -2.195225e-03
      238                      7127   230818.906113      559.390956      4.421415e-04
      239                      7127   230811.192443      569.409764      1.668018e-04
      240                      7127   230803.478774      579.428907      7.435143e-04
      241                      7127   230795.765104      589.448382      1.356450e-03
      242                      7127   230788.051434      599.468192     -5.499926e-03
