# NGC_3628_H30a.lineimage, box=100,100,270,170, chans=, stokes=
# multiple beams
# Total flux: 0.804496275905 Jy.km/s
# Channel number_of_unmasked_pixels frequency_(MHz) Velocity_(km/s) Flux_density_(Jy)
        0                       338   232654.759502    -1815.598714     -8.489486e-04
        1                       338   232647.045832    -1805.659292      1.863897e-04
        2                       338   232639.332163    -1795.719535     -8.368962e-04
        3                       338   232631.618493    -1785.779446     -1.390934e-03
        4                       338   232623.904823    -1775.839022     -2.819669e-04
        5                       338   232616.191153    -1765.898266     -4.494431e-04
        6                       338   232608.477484    -1755.957175      1.368605e-03
        7                       338   232600.763814    -1746.015752     -4.334615e-04
        8                       338   232593.050144    -1736.073994      5.420684e-04
        9                       338   232585.336475    -1726.131903      3.925301e-04
       10                       338   232577.622805    -1716.189479      1.356525e-03
       11                       338   232569.909135    -1706.246721      2.624236e-04
       12                       338   232562.195466    -1696.303630     -2.939115e-04
       13                       338   232554.481796    -1686.360205      1.291459e-03
       14                       338   232546.768126    -1676.416446     -3.893367e-04
       15                       338   232539.054456    -1666.472354     -2.065863e-03
       16                       338   232531.340787    -1656.527928     -6.826268e-04
       17                       338   232523.627117    -1646.583169      2.085521e-03
       18                       338   232515.913447    -1636.638077     -1.883485e-03
       19                       338   232508.199778    -1626.692651      7.967530e-04
       20                       338   232500.486108    -1616.746891     -2.998040e-03
       21                       338   232492.772438    -1606.800798      1.312136e-03
       22                       338   232485.058769    -1596.854371      3.867215e-04
       23                       338   232477.345099    -1586.907610      1.775980e-03
       24                       338   232469.631429    -1576.960517     -1.313234e-03
       25                       338   232461.917759    -1567.013089     -1.633074e-03
       26                       338   232454.204090    -1557.065328     -2.249826e-03
       27                       338   232446.490420    -1547.117234     -3.816464e-04
       28                       338   232438.776750    -1537.168806     -2.353515e-03
       29                       338   232431.063081    -1527.220044      2.542029e-03
       30                       338   232423.349411    -1517.270949      1.805738e-05
       31                       338   232415.635741    -1507.321520     -1.227549e-03
       32                       338   232407.922072    -1497.371758     -1.979054e-03
       33                       338   232400.208402    -1487.421662      1.657142e-03
       34                       338   232392.494732    -1477.471233     -4.265247e-04
       35                       338   232384.781062    -1467.520470      3.688946e-04
       36                       338   232377.067393    -1457.569374      3.009575e-04
       37                       338   232369.353723    -1447.617944      7.161255e-05
       38                       338   232361.640053    -1437.666181     -1.979720e-03
       39                       338   232353.926384    -1427.714084      9.373749e-04
       40                       338   232346.212714    -1417.761653     -2.698620e-03
       41                       338   232338.499044    -1407.808889      1.073835e-03
       42                       338   232330.785375    -1397.855792     -1.857564e-03
       43                       338   232323.071705    -1387.902361     -1.682090e-03
       44                       338   232315.358035    -1377.948596      1.169161e-03
       45                       338   232307.644365    -1367.994498      6.055553e-04
       46                       338   232299.930696    -1358.040066      1.555177e-03
       47                       338   232292.217026    -1348.085301     -1.620904e-03
       48                       338   232284.503356    -1338.130202     -2.134749e-03
       49                       338   232276.789687    -1328.174770      9.717559e-04
       50                       338   232269.076017    -1318.219004     -1.959933e-04
       51                       338   232261.362347    -1308.262904      1.144528e-03
       52                       338   232253.648678    -1298.306471      9.577685e-04
       53                       338   232245.935008    -1288.349705      3.412619e-04
       54                       338   232238.221338    -1278.392604      8.695623e-04
       55                       338   232230.507668    -1268.435171     -2.839357e-03
       56                       338   232222.793999    -1258.477404     -1.885091e-03
       57                       338   232215.080329    -1248.519303      1.730545e-03
       58                       338   232207.366659    -1238.560869     -2.576538e-04
       59                       338   232199.652990    -1228.602101      6.826564e-04
       60                       338   232191.939320    -1218.642999     -1.182966e-03
       61                       338   232184.225650    -1208.683564     -4.646285e-05
       62                       338   232176.511981    -1198.723796     -9.419746e-04
       63                       338   232168.798311    -1188.763694      4.093762e-04
       64                       338   232161.084641    -1178.803258     -8.626871e-04
       65                       338   232153.370971    -1168.842489     -1.853296e-03
       66                       338   232145.657302    -1158.881386     -2.436913e-04
       67                       338   232137.943632    -1148.919950     -1.828008e-03
       68                       338   232130.229962    -1138.958180     -8.038688e-05
       69                       338   232122.516293    -1128.996077      1.465731e-04
       70                       338   232114.802623    -1119.033640      1.342387e-03
       71                       338   232107.088953    -1109.070870      2.081629e-03
       72                       338   232099.375283    -1099.107766     -5.238150e-05
       73                       338   232091.661614    -1089.144328      2.263995e-03
       74                       338   232083.947944    -1079.180557     -4.880669e-06
       75                       338   232076.234274    -1069.216453     -2.094920e-03
       76                       338   232068.520605    -1059.252014      3.102660e-04
       77                       338   232060.806935    -1049.287243      1.871178e-03
       78                       338   232053.093265    -1039.322137     -3.937712e-04
       79                       338   232045.379596    -1029.356699      1.208034e-03
       80                       338   232037.665926    -1019.390926      2.013812e-03
       81                       338   232029.952256    -1009.424820     -1.408792e-03
       82                       338   232022.238586     -999.458381      3.404860e-03
       83                       338   232014.524917     -989.491608      2.273137e-04
       84                       338   232006.811247     -979.524501     -1.030339e-03
       85                       338   231999.097577     -969.557061     -1.299018e-03
       86                       338   231991.383908     -959.589287     -2.514227e-05
       87                       338   231983.670238     -949.621180     -2.266925e-04
       88                       338   231975.956568     -939.652739      1.122822e-03
       89                       338   231968.242899     -929.683965      9.345002e-05
       90                       338   231960.529229     -919.714857      5.675831e-04
       91                       338   231952.815559     -909.745415     -6.875615e-04
       92                       338   231945.101889     -899.775640      1.188868e-03
       93                       338   231937.388220     -889.805532      3.435132e-04
       94                       338   231929.674550     -879.835090      1.354363e-03
       95                       338   231921.960880     -869.864314      5.549385e-04
       96                       338   231914.247211     -859.893205     -6.982008e-04
       97                       338   231906.533541     -849.921762      7.531332e-04
       98                       338   231898.819871     -839.949986      4.052159e-04
       99                       338   231891.106202     -829.977876      8.866352e-04
      100                       338   231883.392532     -820.005432      2.035597e-04
      101                       338   231875.678862     -810.032655      1.138384e-03
      102                       338   231867.965192     -800.059545      3.685058e-04
      103                       338   231860.251523     -790.086100     -8.896446e-04
      104                       338   231852.537853     -780.112323      2.504880e-04
      105                       338   231844.824183     -770.138211      2.209284e-03
      106                       338   231837.110514     -760.163767      2.787948e-04
      107                       338   231829.396844     -750.188988     -3.295256e-04
      108                       338   231821.683174     -740.213876      1.189584e-03
      109                       338   231813.969505     -730.238431      2.018247e-04
      110                       338   231806.255835     -720.262652     -6.274061e-04
      111                       338   231798.542165     -710.286539     -1.553755e-04
      112                       338   231790.828495     -700.310093     -7.124323e-04
      113                       338   231783.114826     -690.333313      5.603976e-04
      114                       338   231775.401156     -680.356200      3.491929e-05
      115                       338   231767.687486     -670.378753      1.536428e-03
      116                       338   231759.973817     -660.400973     -3.429024e-04
      117                       338   231752.260147     -650.422859     -1.719630e-05
      118                       338   231744.546477     -640.444411      8.078261e-05
      119                       338   231736.832808     -630.465630      1.672493e-03
      120                       338   231729.119138     -620.486515     -1.110195e-03
      121                       338   231721.405468     -610.507067     -3.112515e-04
      122                       338   231713.691798     -600.527285     -1.673331e-03
      123                       338   231705.978129     -590.547170      9.042333e-04
      124                       338   231698.264459     -580.566721     -2.002965e-03
      125                       338   231690.550789     -570.585939      1.407529e-03
      126                       338   231682.837120     -560.604823     -1.595396e-03
      127                       338   231675.123450     -550.623373     -4.506139e-04
      128                       338   231667.409780     -540.641590     -9.062994e-04
      129                       338   231659.696111     -530.659473      2.128331e-03
      130                       338   231651.982441     -520.677023      6.459191e-04
      131                       338   231644.268771     -510.694239      8.171861e-04
      132                       338   231636.555101     -500.711122     -7.978977e-04
      133                       338   231628.841432     -490.727671      3.972611e-04
      134                       338   231621.127762     -480.743887      3.908050e-04
      135                       338   231613.414092     -470.759769      9.859604e-04
      136                       338   231605.700423     -460.775317      1.178294e-03
      137                       338   231597.986753     -450.790532      2.518166e-03
      138                       338   231590.273083     -440.805413      4.589297e-04
      139                       338   231582.559413     -430.819961     -9.127316e-04
      140                       338   231574.845744     -420.834175      5.576449e-04
      141                       338   231567.132074     -410.848055     -6.875605e-04
      142                       338   231559.418404     -400.861602     -1.795569e-03
      143                       338   231551.704735     -390.874816      1.446442e-03
      144                       338   231543.991065     -380.887696      1.709299e-03
      145                       338   231536.277395     -370.900242      5.204472e-04
      146                       338   231528.563726     -360.912455      6.500504e-04
      147                       338   231520.850056     -350.924334      2.094777e-03
      148                       338   231513.136386     -340.935880      1.402015e-04
      149                       338   231505.422716     -330.947092      2.604663e-03
      150                       338   231497.709047     -320.957970     -9.690964e-04
      151                       338   231489.995377     -310.968515      1.310727e-03
      152                       338   231482.281707     -300.978727      1.348500e-03
      153                       338   231474.568038     -290.988604     -1.926756e-03
      154                       338   231466.854368     -280.998149      5.418215e-05
      155                       338   231459.140698     -271.007359     -1.796237e-03
      156                       338   231451.427029     -261.016237     -7.997049e-04
      157                       338   231443.713359     -251.024780     -2.031243e-04
      158                       338   231435.999689     -241.032990     -1.337163e-04
      159                       338   231428.286019     -231.040867     -7.598032e-04
      160                       338   231420.572350     -221.048409      1.539947e-03
      161                       338   231412.858680     -211.055619      8.149577e-04
      162                       338   231405.145010     -201.062494     -1.690868e-03
      163                       338   231397.431341     -191.069037      2.549215e-03
      164                       338   231389.717671     -181.075245     -4.328230e-05
      165                       338   231382.004001     -171.081120      3.479661e-03
      166                       338   231374.290332     -161.086662     -4.257068e-04
      167                       338   231366.576662     -151.091870      2.545528e-03
      168                       338   231358.862992     -141.096744     -2.057963e-04
      169                       338   231351.149322     -131.101285      2.095849e-03
      170                       338   231343.435653     -121.105492      3.130691e-03
      171                       338   231335.721983     -111.109366      3.003274e-03
      172                       338   231328.008313     -101.112906      4.808203e-03
      173                       338   231320.294644      -91.116113      2.893217e-03
      174                       338   231312.580974      -81.118986      2.486247e-03
      175                       338   231304.867304      -71.121525      1.321652e-03
      176                       338   231297.153635      -61.123731      2.742182e-03
      177                       338   231289.439965      -51.125603      2.144679e-03
      178                       338   231281.726295      -41.127142      2.551552e-03
      179                       338   231274.012625      -31.128347      1.983046e-03
      180                       338   231266.298956      -21.129219      2.360236e-03
      181                       338   231258.585286      -11.129757     -9.957628e-05
      182                       338   231250.871616       -1.129961     -4.574968e-04
      183                       338   231243.157947        8.870168      5.929871e-03
      184                       338   231235.444277       18.870631      1.160739e-03
      185                       338   231227.730607       28.871427      2.613348e-03
      186                       338   231220.016938       38.872557      1.281597e-03
      187                       338   231212.303268       48.874020      1.995218e-03
      188                       338   231204.589598       58.875817      3.403000e-03
      189                       338   231196.875928       68.877947      1.840500e-03
      190                       338   231189.162259       78.880411      3.439964e-03
      191                       338   231181.448589       88.883209      4.370486e-03
      192                       338   231173.734919       98.886340      1.536186e-03
      193                       338   231166.021250      108.889805      2.289337e-03
      194                       338   231158.307580      118.893603      1.837632e-03
      195                       338   231150.593910      128.897735      3.086523e-03
      196                       338   231142.880241      138.902200     -3.127937e-04
      197                       338   231135.166571      148.906999      3.077826e-03
      198                       338   231127.452901      158.912132      1.810914e-03
      199                       338   231119.739231      168.917598      1.250661e-03
      200                       338   231112.025562      178.923398      2.091385e-03
      201                       338   231104.311892      188.929531     -2.668387e-04
      202                       338   231096.598222      198.935998      1.637308e-03
      203                       338   231088.884553      208.942798     -9.421165e-04
      204                       338   231081.170883      218.949932     -1.937809e-05
      205                       338   231073.457213      228.957400     -4.879231e-04
      206                       338   231065.743543      238.965201     -2.814625e-04
      207                       338   231058.029874      248.973335     -8.409819e-04
      208                       338   231050.316204      258.981804     -6.364557e-04
      209                       338   231042.602534      268.990605      1.851016e-04
      210                       338   231034.888865      278.999741     -1.384567e-03
      211                       338   231027.175195      289.009209      1.170007e-03
      212                       338   231019.461525      299.019012      2.287347e-03
      213                       338   231011.747856      309.029148      8.914669e-04
      214                       338   231004.034186      319.039617     -2.829272e-05
      215                       338   230996.320516      329.050421      1.223628e-04
      216                       338   230988.606846      339.061557     -7.406445e-05
      217                       338   230980.893177      349.073028      1.819861e-05
      218                       338   230973.179507      359.084831      4.229232e-04
      219                       338   230965.465837      369.096969     -2.109977e-03
      220                       338   230957.752168      379.109440      1.169423e-03
      221                       338   230950.038498      389.122244      2.323003e-03
      222                       338   230942.324828      399.135382     -1.228586e-03
      223                       338   230934.611159      409.148854     -1.342935e-03
      224                       338   230926.897489      419.162659     -6.989392e-04
      225                       338   230919.183819      429.176798      6.778546e-04
      226                       338   230911.470149      439.191270     -1.090314e-03
      227                       338   230903.756480      449.206076     -2.414278e-04
      228                       338   230896.042810      459.221215     -3.013501e-03
      229                       338   230888.329140      469.236688     -1.227940e-03
      230                       338   230880.615471      479.252495      1.863178e-04
      231                       338   230872.901801      489.268635     -4.595733e-04
      232                       338   230865.188131      499.285109      1.249680e-04
      233                       338   230857.474462      509.301916     -2.047168e-03
      234                       338   230849.760792      519.319057      1.106467e-03
      235                       338   230842.047122      529.336531     -3.913942e-04
      236                       338   230834.333452      539.354339     -6.393091e-04
      237                       338   230826.619783      549.372481     -1.120864e-04
      238                       338   230818.906113      559.390956     -2.157367e-04
      239                       338   230811.192443      569.409764     -2.943335e-03
      240                       338   230803.478774      579.428907      8.894575e-04
      241                       338   230795.765104      589.448382      4.402560e-04
      242                       338   230788.051434      599.468192      1.259186e-04
